MEME version 5
ALPHABET= ACGT
strands: +
Background letter frequencies
A 0.29 C 0.21 G 0.21 T 0.29
MOTIF metacluster_0pattern_0
letter-probability matrix: alength= 4 w= 10 E= 0
0.40655577299412915 0.1350293542074364 0.2079256360078278 0.25048923679060664
0.2857142857142857 0.22602739726027396 0.18542074363992173 0.3028375733855186
0.34001956947162426 0.24510763209393346 0.17367906066536204 0.24119373776908024
0.028864970645792562 0.05821917808219178 0.03962818003913894 0.8732876712328768
0.003913894324853229 0.9765166340508806 0.00684931506849315 0.012720156555772993
0.02984344422700587 0.9192759295499021 0.008317025440313111 0.04256360078277886
0.13307240704500978 0.06311154598825831 0.07240704500978473 0.7314090019569471
0.14579256360078277 0.13894324853228962 0.2891389432485323 0.4261252446183953
0.2705479452054795 0.21428571428571427 0.27788649706457924 0.237279843444227
0.3683953033268102 0.17367906066536204 0.19471624266144813 0.26320939334637966
MOTIF metacluster_0pattern_1
letter-probability matrix: alength= 4 w= 10 E= 0
0.20309653916211293 0.23406193078324225 0.1320582877959927 0.4307832422586521
0.3224043715846995 0.30145719489981787 0.20309653916211293 0.17304189435336975
0.7021857923497268 0.10746812386156648 0.0610200364298725 0.12932604735883424
0.3989071038251366 0.03642987249544627 0.3588342440801457 0.2058287795992714
0.026411657559198543 0.01366120218579235 0.9462659380692168 0.01366120218579235
0.9517304189435337 0.006375227686703097 0.022768670309653915 0.01912568306010929
0.03551912568306011 0.044626593806921674 0.030054644808743168 0.8897996357012751
0.15300546448087432 0.5336976320582878 0.11475409836065574 0.19854280510018216
0.4098360655737705 0.1721311475409836 0.12932604735883424 0.2887067395264117
0.302367941712204 0.16848816029143898 0.14663023679417123 0.3825136612021858
MOTIF metacluster_0pattern_2
letter-probability matrix: alength= 4 w= 10 E= 0
0.3970223325062035 0.1662531017369727 0.1327543424317618 0.303970223325062
0.3535980148883375 0.20719602977667495 0.13027295285359802 0.30893300248138955
0.3436724565756824 0.21588089330024815 0.15632754342431762 0.2841191066997519
0.5880893300248139 0.12531017369727046 0.15508684863523572 0.1315136476426799
0.49255583126550867 0.27667493796526055 0.043424317617866005 0.18734491315136476
0.07568238213399504 0.05459057071960298 0.016129032258064516 0.8535980148883374
0.0024813895781637717 0.0037220843672456576 0.0037220843672456576 0.9900744416873449
0.09553349875930521 0.08188585607940446 0.05086848635235732 0.771712158808933
0.7841191066997518 0.04094292803970223 0.11166253101736973 0.06327543424317618
0.48883374689826303 0.052109181141439205 0.1401985111662531 0.3188585607940447
MOTIF metacluster_0pattern_3
letter-probability matrix: alength= 4 w= 10 E= 0
0.21954314720812182 0.15609137055837563 0.11548223350253807 0.5088832487309645
0.21192893401015228 0.14720812182741116 0.04949238578680203 0.5913705583756346
0.12309644670050761 0.24111675126903553 0.024111675126903553 0.6116751269035533
0.04060913705583756 0.031725888324873094 0.012690355329949238 0.9149746192893401
0.012690355329949238 0.005076142131979695 0.007614213197969543 0.9746192893401016
0.08248730964467005 0.08756345177664974 0.09137055837563451 0.7385786802030457
0.3362944162436548 0.06852791878172589 0.24111675126903553 0.35406091370558374
0.16751269035532995 0.09517766497461928 0.2131979695431472 0.5241116751269036
0.1751269035532995 0.1751269035532995 0.20304568527918782 0.4467005076142132
0.24111675126903553 0.15101522842639595 0.21065989847715735 0.39720812182741116
MOTIF metacluster_0pattern_4
letter-probability matrix: alength= 4 w= 10 E= 0
0.35267857142857145 0.19642857142857142 0.13988095238095238 0.31101190476190477
0.3913690476190476 0.20238095238095238 0.20535714285714285 0.20089285714285715
0.40029761904761907 0.15178571428571427 0.1949404761904762 0.25297619047619047
0.5327380952380952 0.15178571428571427 0.15773809523809523 0.15773809523809523
0.46726190476190477 0.22767857142857142 0.08779761904761904 0.21726190476190477
0.03571428571428571 0.017857142857142856 0.001488095238095238 0.9449404761904762
0.013392857142857142 0.01488095238095238 0.005952380952380952 0.9657738095238095
0.6889880952380952 0.052083333333333336 0.13839285714285715 0.12053571428571429
0.9270833333333334 0.011904761904761904 0.023809523809523808 0.03720238095238095
0.2544642857142857 0.052083333333333336 0.1056547619047619 0.5877976190476191
MOTIF metacluster_0pattern_5
letter-probability matrix: alength= 4 w= 10 E= 0
0.4828614008941878 0.2667660208643815 0.11028315946348734 0.14008941877794337
0.6229508196721312 0.18628912071535023 0.09985096870342772 0.09090909090909091
0.8673621460506706 0.01788375558867362 0.09239940387481371 0.022354694485842028
0.9806259314456036 0.004470938897168405 0.005961251862891207 0.00894187779433681
0.8479880774962743 0.013412816691505217 0.07749627421758569 0.06110283159463487
0.12667660208643816 0.06706408345752608 0.16095380029806258 0.6453055141579732
0.03129657228017884 0.05514157973174367 0.01788375558867362 0.8956780923994039
0.09985096870342772 0.14008941877794337 0.18628912071535023 0.5737704918032787
0.15797317436661698 0.15797317436661698 0.3561847988077496 0.32786885245901637
0.22801788375558868 0.18181818181818182 0.13859910581222057 0.45156482861400893
MOTIF metacluster_0pattern_6
letter-probability matrix: alength= 4 w= 10 E= 0
0.09216589861751152 0.6789554531490015 0.10906298003072197 0.11981566820276497
0.20890937019969277 0.6651305683563749 0.03686635944700461 0.0890937019969278
0.6390168970814132 0.17511520737327188 0.09216589861751152 0.09370199692780339
0.9738863287250384 0.010752688172043012 0.010752688172043012 0.004608294930875576
0.9800307219662059 0.0015360983102918587 0.009216589861751152 0.009216589861751152
0.7711213517665131 0.013824884792626729 0.14285714285714285 0.07219662058371736
0.1597542242703533 0.13671274961597543 0.10906298003072197 0.5944700460829493
0.24731182795698925 0.1336405529953917 0.2457757296466974 0.37327188940092165
0.20276497695852536 0.16129032258064516 0.31490015360983103 0.3210445468509985
0.15207373271889402 0.2196620583717358 0.17972350230414746 0.4485407066052227
MOTIF metacluster_0pattern_7
letter-probability matrix: alength= 4 w= 10 E= 0
0.3682539682539683 0.06984126984126984 0.24761904761904763 0.3142857142857143
0.14603174603174604 0.006349206349206349 0.5492063492063493 0.2984126984126984
0.13015873015873017 0.01904761904761905 0.7777777777777778 0.07301587301587302
0.05396825396825397 0.1619047619047619 0.012698412698412698 0.7714285714285715
0.006349206349206349 0.9873015873015873 0.0 0.006349206349206349
0.21587301587301588 0.3492063492063492 0.04126984126984127 0.39365079365079364
0.09206349206349207 0.022222222222222223 0.0380952380952381 0.8476190476190476
0.08571428571428572 0.16507936507936508 0.2698412698412698 0.4793650793650794
0.33650793650793653 0.11428571428571428 0.35873015873015873 0.19047619047619047
0.4095238095238095 0.1523809523809524 0.2761904761904762 0.1619047619047619
MOTIF metacluster_0pattern_8
letter-probability matrix: alength= 4 w= 10 E= 0
0.525 0.13214285714285715 0.11071428571428571 0.23214285714285715
0.19642857142857142 0.03571428571428571 0.07857142857142857 0.6892857142857143
0.060714285714285714 0.007142857142857143 0.9285714285714286 0.0035714285714285713
0.15357142857142858 0.05 0.06785714285714285 0.7285714285714285
0.0 1.0 0.0 0.0
0.014285714285714285 0.975 0.0 0.010714285714285714
0.20714285714285716 0.12142857142857143 0.225 0.44642857142857145
0.16428571428571428 0.16785714285714284 0.10714285714285714 0.5607142857142857
0.23214285714285715 0.2 0.2 0.3678571428571429
0.30357142857142855 0.175 0.20714285714285716 0.3142857142857143
MOTIF metacluster_0pattern_9
letter-probability matrix: alength= 4 w= 10 E= 0
0.12169312169312169 0.544973544973545 0.2328042328042328 0.10052910052910052
0.41798941798941797 0.4074074074074074 0.06349206349206349 0.1111111111111111
0.671957671957672 0.13756613756613756 0.07936507936507936 0.1111111111111111
0.8042328042328042 0.05291005291005291 0.09523809523809523 0.047619047619047616
0.8835978835978836 0.031746031746031744 0.06349206349206349 0.021164021164021163
0.9259259259259259 0.010582010582010581 0.047619047619047616 0.015873015873015872
0.010582010582010581 0.047619047619047616 0.005291005291005291 0.9365079365079365
0.021164021164021163 0.48677248677248675 0.042328042328042326 0.4497354497354497
0.19047619047619047 0.3544973544973545 0.08994708994708994 0.36507936507936506
0.164021164021164 0.12698412698412698 0.09523809523809523 0.6137566137566137
MOTIF metacluster_0pattern_10
letter-probability matrix: alength= 4 w= 10 E= 0
0.06306306306306306 0.23423423423423423 0.1891891891891892 0.5135135135135135
0.1981981981981982 0.34234234234234234 0.11711711711711711 0.34234234234234234
0.08108108108108109 0.04504504504504504 0.04504504504504504 0.8288288288288288
0.08108108108108109 0.04504504504504504 0.11711711711711711 0.7567567567567568
0.009009009009009009 0.009009009009009009 0.9279279279279279 0.05405405405405406
0.9819819819819819 0.009009009009009009 0.009009009009009009 0.0
0.009009009009009009 0.05405405405405406 0.05405405405405406 0.8828828828828829
0.036036036036036036 0.8648648648648649 0.009009009009009009 0.09009009009009009
0.5405405405405406 0.06306306306306306 0.14414414414414414 0.25225225225225223
0.38738738738738737 0.2702702702702703 0.2072072072072072 0.13513513513513514
MOTIF metacluster_0pattern_11
letter-probability matrix: alength= 4 w= 10 E= 0
0.13 0.71 0.09 0.07
0.1 0.86 0.01 0.03
0.51 0.28 0.15 0.06
0.63 0.23 0.11 0.03
0.94 0.01 0.03 0.02
0.95 0.03 0.01 0.01
0.06 0.29 0.05 0.6
0.18 0.08 0.02 0.72
0.01 0.2 0.06 0.73
0.18 0.36 0.24 0.22
MOTIF metacluster_0pattern_12
letter-probability matrix: alength= 4 w= 10 E= 0
0.3103448275862069 0.28735632183908044 0.12643678160919541 0.27586206896551724
0.6436781609195402 0.06896551724137931 0.11494252873563218 0.1724137931034483
0.011494252873563218 0.011494252873563218 0.05747126436781609 0.9195402298850575
0.27586206896551724 0.3448275862068966 0.022988505747126436 0.3563218390804598
0.9195402298850575 0.022988505747126436 0.011494252873563218 0.04597701149425287
0.034482758620689655 0.022988505747126436 0.011494252873563218 0.9310344827586207
0.0 0.011494252873563218 0.0 0.9885057471264368
0.16091954022988506 0.06896551724137931 0.22988505747126436 0.5402298850574713
0.7931034482758621 0.05747126436781609 0.09195402298850575 0.05747126436781609
0.40229885057471265 0.09195402298850575 0.09195402298850575 0.41379310344827586
MOTIF metacluster_0pattern_13
letter-probability matrix: alength= 4 w= 10 E= 0
0.14942528735632185 0.19540229885057472 0.08045977011494253 0.5747126436781609
0.26436781609195403 0.25287356321839083 0.034482758620689655 0.4482758620689655
0.13793103448275862 0.13793103448275862 0.022988505747126436 0.7011494252873564
0.0 0.0 0.0 1.0
0.011494252873563218 0.011494252873563218 0.0 0.9770114942528736
0.034482758620689655 0.022988505747126436 0.26436781609195403 0.6781609195402298
0.4482758620689655 0.04597701149425287 0.41379310344827586 0.09195402298850575
0.011494252873563218 0.11494252873563218 0.04597701149425287 0.8275862068965517
0.09195402298850575 0.7586206896551724 0.04597701149425287 0.10344827586206896
0.26436781609195403 0.26436781609195403 0.08045977011494253 0.39080459770114945
MOTIF metacluster_0pattern_14
letter-probability matrix: alength= 4 w= 10 E= 0
0.3472222222222222 0.2361111111111111 0.027777777777777776 0.3888888888888889
0.1527777777777778 0.1111111111111111 0.06944444444444445 0.6666666666666666
0.013888888888888888 0.05555555555555555 0.013888888888888888 0.9166666666666666
0.0 0.027777777777777776 0.027777777777777776 0.9444444444444444
0.0 0.013888888888888888 0.0 0.9861111111111112
0.1111111111111111 0.013888888888888888 0.1527777777777778 0.7222222222222222
0.2361111111111111 0.06944444444444445 0.5416666666666666 0.1527777777777778
0.6388888888888888 0.09722222222222222 0.1388888888888889 0.125
0.027777777777777776 0.05555555555555555 0.013888888888888888 0.9027777777777778
0.125 0.2222222222222222 0.027777777777777776 0.625
MOTIF metacluster_0pattern_15
letter-probability matrix: alength= 4 w= 10 E= 0
0.07547169811320754 0.8679245283018868 0.0 0.05660377358490566
0.07547169811320754 0.6415094339622641 0.03773584905660377 0.24528301886792453
0.1509433962264151 0.09433962264150944 0.018867924528301886 0.7358490566037735
0.0 0.018867924528301886 0.018867924528301886 0.9622641509433962
0.0 0.0 0.0 1.0
0.018867924528301886 0.1320754716981132 0.1509433962264151 0.6981132075471698
0.33962264150943394 0.03773584905660377 0.18867924528301888 0.4339622641509434
0.11320754716981132 0.2641509433962264 0.09433962264150944 0.5283018867924528
0.24528301886792453 0.11320754716981132 0.2641509433962264 0.37735849056603776
0.07547169811320754 0.33962264150943394 0.32075471698113206 0.2641509433962264
MOTIF metacluster_0pattern_16
letter-probability matrix: alength= 4 w= 10 E= 0
0.10869565217391304 0.45652173913043476 0.30434782608695654 0.13043478260869565
0.021739130434782608 0.8478260869565217 0.06521739130434782 0.06521739130434782
0.10869565217391304 0.7391304347826086 0.021739130434782608 0.13043478260869565
1.0 0.0 0.0 0.0
0.9782608695652174 0.0 0.021739130434782608 0.0
0.15217391304347827 0.17391304347826086 0.10869565217391304 0.5652173913043478
0.021739130434782608 0.13043478260869565 0.0 0.8478260869565217
0.043478260869565216 0.043478260869565216 0.021739130434782608 0.8913043478260869
0.17391304347826086 0.391304347826087 0.08695652173913043 0.34782608695652173
0.17391304347826086 0.43478260869565216 0.06521739130434782 0.32608695652173914
MOTIF metacluster_0pattern_17
letter-probability matrix: alength= 4 w= 10 E= 0
0.5151515151515151 0.18181818181818182 0.030303030303030304 0.2727272727272727
0.45454545454545453 0.18181818181818182 0.30303030303030304 0.06060606060606061
0.36363636363636365 0.12121212121212122 0.30303030303030304 0.21212121212121213
0.6363636363636364 0.15151515151515152 0.18181818181818182 0.030303030303030304
0.8484848484848485 0.030303030303030304 0.030303030303030304 0.09090909090909091
0.9090909090909091 0.030303030303030304 0.06060606060606061 0.0
0.0 0.0 0.0 1.0
0.12121212121212122 0.24242424242424243 0.0 0.6363636363636364
1.0 0.0 0.0 0.0
0.21212121212121213 0.0 0.030303030303030304 0.7575757575757576
MOTIF metacluster_1pattern_0
letter-probability matrix: alength= 4 w= 10 E= 0
0.25508819538670285 0.3853459972862958 0.048846675712347354 0.310719131614654
0.3514246947082768 0.05698778833107191 0.3880597014925373 0.20352781546811397
0.013568521031207599 0.9565807327001357 0.004070556309362279 0.025780189959294438
0.7191316146540027 0.035278154681139755 0.12347354138398914 0.12211668928086838
0.029850746268656716 0.9158751696065129 0.013568521031207599 0.0407055630936228
0.2903663500678426 0.09633649932157395 0.208955223880597 0.4043419267299864
0.23066485753052918 0.30529172320217096 0.12347354138398914 0.3405698778833107
0.19131614654002713 0.17503392130257803 0.2591587516960651 0.37449118046132973
0.22388059701492538 0.2591587516960651 0.18588873812754408 0.3310719131614654
0.25508819538670285 0.1926729986431479 0.23337856173677068 0.31886024423337855
MOTIF metacluster_1pattern_1
letter-probability matrix: alength= 4 w= 10 E= 0
0.15704387990762125 0.3210161662817552 0.20554272517321015 0.3163972286374134
0.23094688221709006 0.09237875288683603 0.05542725173210162 0.6212471131639723
0.5196304849884527 0.15473441108545036 0.10161662817551963 0.22401847575057737
0.22170900692840648 0.06004618937644342 0.19168591224018475 0.5265588914549654
0.009237875288683603 0.9815242494226328 0.0023094688221709007 0.006928406466512702
0.03002309468822171 0.004618937644341801 0.930715935334873 0.03464203233256351
0.5150115473441108 0.17551963048498845 0.13856812933025403 0.17090069284064666
0.09468822170900693 0.15935334872979215 0.04849884526558892 0.6974595842956121
0.5057736720554272 0.14087759815242495 0.09930715935334873 0.2540415704387991
0.23556581986143188 0.20785219399538107 0.20323325635103925 0.3533487297921478
MOTIF metacluster_1pattern_2
letter-probability matrix: alength= 4 w= 10 E= 0
0.4373259052924791 0.0947075208913649 0.22562674094707522 0.24233983286908078
0.116991643454039 0.08635097493036212 0.07242339832869081 0.724233983286908
0.0584958217270195 0.025069637883008356 0.8997214484679665 0.016713091922005572
0.013927576601671309 0.03064066852367688 0.0 0.9554317548746518
0.8356545961002786 0.0 0.11142061281337047 0.052924791086350974
0.07242339832869081 0.4763231197771588 0.019498607242339833 0.43175487465181056
0.7771587743732591 0.022284122562674095 0.04735376044568245 0.1532033426183844
0.181058495821727 0.31754874651810583 0.04735376044568245 0.45403899721448465
0.5041782729805014 0.04735376044568245 0.24233983286908078 0.20612813370473537
0.25069637883008355 0.25348189415041783 0.07520891364902507 0.4206128133704735
MOTIF metacluster_1pattern_3
letter-probability matrix: alength= 4 w= 10 E= 0
0.10566037735849057 0.27547169811320754 0.07924528301886792 0.539622641509434
0.3320754716981132 0.018867924528301886 0.4830188679245283 0.1660377358490566
0.09811320754716982 0.09056603773584905 0.7509433962264151 0.06037735849056604
0.011320754716981131 0.01509433962264151 0.0037735849056603774 0.969811320754717
0.8 0.01509433962264151 0.10943396226415095 0.07547169811320754
0.11320754716981132 0.13962264150943396 0.04905660377358491 0.6981132075471698
0.32452830188679244 0.10566037735849057 0.15849056603773584 0.41132075471698115
0.3584905660377358 0.17735849056603772 0.2188679245283019 0.24528301886792453
0.26037735849056604 0.27547169811320754 0.09433962264150944 0.36981132075471695
0.3433962264150943 0.13584905660377358 0.1471698113207547 0.37358490566037733
MOTIF metacluster_1pattern_4
letter-probability matrix: alength= 4 w= 10 E= 0
0.34297520661157027 0.0743801652892562 0.3512396694214876 0.23140495867768596
0.045454545454545456 0.8801652892561983 0.01652892561983471 0.05785123966942149
0.03305785123966942 0.01652892561983471 0.9256198347107438 0.024793388429752067
0.03305785123966942 0.9008264462809917 0.024793388429752067 0.04132231404958678
0.07851239669421488 0.1115702479338843 0.07851239669421488 0.731404958677686
0.4628099173553719 0.2231404958677686 0.1115702479338843 0.2024793388429752
0.11983471074380166 0.11570247933884298 0.128099173553719 0.6363636363636364
0.26859504132231404 0.18181818181818182 0.17355371900826447 0.3760330578512397
0.24380165289256198 0.1859504132231405 0.1859504132231405 0.384297520661157
0.33884297520661155 0.1322314049586777 0.21074380165289255 0.3181818181818182
MOTIF metacluster_1pattern_5
letter-probability matrix: alength= 4 w= 10 E= 0
0.18672199170124482 0.1825726141078838 0.17842323651452283 0.45228215767634855
0.21991701244813278 0.0995850622406639 0.27800829875518673 0.4024896265560166
0.17427385892116182 0.0995850622406639 0.4149377593360996 0.3112033195020747
0.0912863070539419 0.024896265560165973 0.004149377593360996 0.8796680497925311
0.6721991701244814 0.008298755186721992 0.2033195020746888 0.11618257261410789
0.2074688796680498 0.13692946058091288 0.04979253112033195 0.6058091286307054
0.16182572614107885 0.02074688796680498 0.024896265560165973 0.7925311203319502
0.15767634854771784 0.08298755186721991 0.07053941908713693 0.6887966804979253
0.21991701244813278 0.0954356846473029 0.08713692946058091 0.5975103734439834
0.34439834024896265 0.16597510373443983 0.1037344398340249 0.38589211618257263
MOTIF metacluster_1pattern_6
letter-probability matrix: alength= 4 w= 10 E= 0
0.49777777777777776 0.05333333333333334 0.3022222222222222 0.14666666666666667
0.044444444444444446 0.7066666666666667 0.017777777777777778 0.2311111111111111
0.41333333333333333 0.12444444444444444 0.1688888888888889 0.29333333333333333
0.022222222222222223 0.008888888888888889 0.96 0.008888888888888889
0.04 0.12 0.02666666666666667 0.8133333333333334
0.3244444444444444 0.044444444444444446 0.48 0.1511111111111111
0.2577777777777778 0.27555555555555555 0.12 0.3466666666666667
0.2577777777777778 0.29333333333333333 0.1288888888888889 0.32
0.37333333333333335 0.03111111111111111 0.5422222222222223 0.05333333333333334
0.1288888888888889 0.6355555555555555 0.022222222222222223 0.21333333333333335
MOTIF metacluster_1pattern_7
letter-probability matrix: alength= 4 w= 10 E= 0
0.19158878504672897 0.11682242990654206 0.12149532710280374 0.5700934579439252
0.1542056074766355 0.11682242990654206 0.205607476635514 0.5233644859813084
0.1261682242990654 0.02336448598130841 0.6261682242990654 0.22429906542056074
0.004672897196261682 0.018691588785046728 0.0 0.9766355140186916
0.08411214953271028 0.014018691588785047 0.04672897196261682 0.8551401869158879
0.06074766355140187 0.29439252336448596 0.014018691588785047 0.6308411214953271
0.21962616822429906 0.07476635514018691 0.13551401869158877 0.5700934579439252
0.26635514018691586 0.2523364485981308 0.1261682242990654 0.35514018691588783
0.514018691588785 0.07476635514018691 0.12149532710280374 0.2897196261682243
0.4205607476635514 0.1261682242990654 0.14485981308411214 0.308411214953271
MOTIF metacluster_1pattern_8
letter-probability matrix: alength= 4 w= 10 E= 0
0.45714285714285713 0.12380952380952381 0.22380952380952382 0.19523809523809524
0.18571428571428572 0.12857142857142856 0.11428571428571428 0.5714285714285714
0.11428571428571428 0.009523809523809525 0.8333333333333334 0.04285714285714286
0.02857142857142857 0.009523809523809525 0.0 0.9619047619047619
0.7523809523809524 0.009523809523809525 0.1 0.1380952380952381
0.12857142857142856 0.15714285714285714 0.06190476190476191 0.6523809523809524
0.44761904761904764 0.023809523809523808 0.09047619047619047 0.4380952380952381
0.24285714285714285 0.07142857142857142 0.5571428571428572 0.12857142857142856
0.1761904761904762 0.2 0.014285714285714285 0.6095238095238096
0.5904761904761905 0.07142857142857142 0.1523809523809524 0.18571428571428572
MOTIF metacluster_1pattern_9
letter-probability matrix: alength= 4 w= 10 E= 0
0.20707070707070707 0.23232323232323232 0.18181818181818182 0.3787878787878788
0.03535353535353535 0.5202020202020202 0.06060606060606061 0.3838383838383838
0.16666666666666666 0.015151515151515152 0.29797979797979796 0.5202020202020202
0.005050505050505051 0.9646464646464646 0.005050505050505051 0.025252525252525252
0.20707070707070707 0.010101010101010102 0.09090909090909091 0.6919191919191919
0.0 0.9797979797979798 0.0 0.020202020202020204
0.16666666666666666 0.050505050505050504 0.030303030303030304 0.7525252525252525
0.09595959595959595 0.7373737373737373 0.03535353535353535 0.13131313131313133
0.20202020202020202 0.030303030303030304 0.10606060606060606 0.6616161616161617
0.15151515151515152 0.5505050505050505 0.09595959595959595 0.20202020202020202
MOTIF metacluster_1pattern_10
letter-probability matrix: alength= 4 w= 10 E= 0
0.13541666666666666 0.4270833333333333 0.057291666666666664 0.3802083333333333
0.7291666666666666 0.046875 0.09375 0.13020833333333334
0.005208333333333333 0.9322916666666666 0.026041666666666668 0.036458333333333336
0.5625 0.057291666666666664 0.109375 0.2708333333333333
0.015625 0.005208333333333333 0.9739583333333334 0.005208333333333333
0.036458333333333336 0.7916666666666666 0.078125 0.09375
0.041666666666666664 0.057291666666666664 0.015625 0.8854166666666666
0.171875 0.036458333333333336 0.7447916666666666 0.046875
0.24479166666666666 0.13541666666666666 0.140625 0.4791666666666667
0.265625 0.19270833333333334 0.18229166666666666 0.359375
MOTIF metacluster_1pattern_11
letter-probability matrix: alength= 4 w= 10 E= 0
0.24064171122994651 0.15508021390374332 0.12834224598930483 0.47593582887700536
0.40106951871657753 0.12299465240641712 0.2727272727272727 0.20320855614973263
0.3315508021390374 0.0374331550802139 0.3422459893048128 0.2887700534759358
0.0053475935828877 0.983957219251337 0.0053475935828877 0.0053475935828877
0.0106951871657754 0.0106951871657754 0.9251336898395722 0.053475935828877004
0.3689839572192513 0.13903743315508021 0.1657754010695187 0.32620320855614976
0.06951871657754011 0.49732620320855614 0.0481283422459893 0.3850267379679144
0.13368983957219252 0.0053475935828877 0.8074866310160428 0.053475935828877004
0.20320855614973263 0.2994652406417112 0.13903743315508021 0.3582887700534759
0.24064171122994651 0.23529411764705882 0.1443850267379679 0.37967914438502676
MOTIF metacluster_1pattern_12
letter-probability matrix: alength= 4 w= 10 E= 0
0.03278688524590164 0.00546448087431694 0.9562841530054644 0.00546448087431694
0.01639344262295082 0.8688524590163934 0.0 0.11475409836065574
0.34972677595628415 0.03825136612021858 0.09836065573770492 0.5136612021857924
0.3224043715846995 0.07103825136612021 0.41530054644808745 0.1912568306010929
0.060109289617486336 0.03278688524590164 0.00546448087431694 0.9016393442622951
0.0546448087431694 0.01092896174863388 0.8743169398907104 0.060109289617486336
0.0546448087431694 0.40437158469945356 0.0273224043715847 0.5136612021857924
0.46994535519125685 0.06557377049180328 0.18032786885245902 0.28415300546448086
0.37158469945355194 0.13114754098360656 0.1366120218579235 0.36065573770491804
0.366120218579235 0.09836065573770492 0.21311475409836064 0.3224043715846995
MOTIF metacluster_1pattern_13
letter-probability matrix: alength= 4 w= 10 E= 0
0.3076923076923077 0.27472527472527475 0.21428571428571427 0.2032967032967033
0.32967032967032966 0.24175824175824176 0.2032967032967033 0.22527472527472528
0.08791208791208792 0.6978021978021978 0.027472527472527472 0.18681318681318682
0.7912087912087912 0.027472527472527472 0.15384615384615385 0.027472527472527472
0.33516483516483514 0.10989010989010989 0.41208791208791207 0.14285714285714285
0.02197802197802198 0.9065934065934066 0.016483516483516484 0.054945054945054944
0.04395604395604396 0.07692307692307693 0.01098901098901099 0.8681318681318682
0.04395604395604396 0.0 0.9560439560439561 0.0
0.2087912087912088 0.17032967032967034 0.2802197802197802 0.34065934065934067
0.06593406593406594 0.03296703296703297 0.01098901098901099 0.8901098901098901
MOTIF metacluster_1pattern_14
letter-probability matrix: alength= 4 w= 10 E= 0
0.2905027932960894 0.24581005586592178 0.0782122905027933 0.3854748603351955
0.6368715083798883 0.1005586592178771 0.11173184357541899 0.15083798882681565
0.027932960893854747 0.9050279329608939 0.0223463687150838 0.0446927374301676
0.7932960893854749 0.0782122905027933 0.0670391061452514 0.061452513966480445
0.1452513966480447 0.22346368715083798 0.10614525139664804 0.5251396648044693
0.39106145251396646 0.2681564245810056 0.20670391061452514 0.1340782122905028
0.0111731843575419 0.061452513966480445 0.0111731843575419 0.9162011173184358
0.0223463687150838 0.00558659217877095 0.9664804469273743 0.00558659217877095
0.08379888268156424 0.27932960893854747 0.1005586592178771 0.5363128491620112
0.24581005586592178 0.03910614525139665 0.09497206703910614 0.6201117318435754
MOTIF metacluster_1pattern_15
letter-probability matrix: alength= 4 w= 10 E= 0
0.2994350282485876 0.14689265536723164 0.0903954802259887 0.4632768361581921
0.3559322033898305 0.23728813559322035 0.12429378531073447 0.2824858757062147
0.4350282485875706 0.11864406779661017 0.11864406779661017 0.327683615819209
0.011299435028248588 0.9661016949152542 0.0 0.022598870056497175
0.03954802259887006 0.005649717514124294 0.8870056497175142 0.06779661016949153
0.384180790960452 0.1694915254237288 0.11864406779661017 0.327683615819209
0.10734463276836158 0.3163841807909605 0.062146892655367235 0.5141242937853108
0.8870056497175142 0.005649717514124294 0.02824858757062147 0.07909604519774012
0.03389830508474576 0.8192090395480226 0.062146892655367235 0.0847457627118644
0.2711864406779661 0.22598870056497175 0.24293785310734464 0.2598870056497175
MOTIF metacluster_1pattern_16
letter-probability matrix: alength= 4 w= 10 E= 0
0.1497005988023952 0.281437125748503 0.20359281437125748 0.3652694610778443
0.2634730538922156 0.16766467065868262 0.1317365269461078 0.437125748502994
0.08383233532934131 0.029940119760479042 0.8023952095808383 0.08383233532934131
0.0 0.9820359281437125 0.0 0.017964071856287425
0.11377245508982035 0.03592814371257485 0.0658682634730539 0.7844311377245509
0.023952095808383235 0.9341317365269461 0.005988023952095809 0.03592814371257485
0.08383233532934131 0.005988023952095809 0.03592814371257485 0.874251497005988
0.12574850299401197 0.6706586826347305 0.08383233532934131 0.11976047904191617
0.15568862275449102 0.08383233532934131 0.39520958083832336 0.3652694610778443
0.2215568862275449 0.23353293413173654 0.1497005988023952 0.39520958083832336
MOTIF metacluster_1pattern_17
letter-probability matrix: alength= 4 w= 10 E= 0
0.30128205128205127 0.17307692307692307 0.28846153846153844 0.23717948717948717
0.3333333333333333 0.2692307692307692 0.14743589743589744 0.25
0.20512820512820512 0.33974358974358976 0.14743589743589744 0.3076923076923077
0.2948717948717949 0.22435897435897437 0.0641025641025641 0.4166666666666667
0.01282051282051282 0.019230769230769232 0.9294871794871795 0.038461538461538464
0.057692307692307696 0.8076923076923077 0.02564102564102564 0.10897435897435898
0.00641025641025641 0.03205128205128205 0.019230769230769232 0.9423076923076923
0.08974358974358974 0.038461538461538464 0.7948717948717948 0.07692307692307693
0.03205128205128205 0.057692307692307696 0.02564102564102564 0.8846153846153846
0.12179487179487179 0.038461538461538464 0.1282051282051282 0.7115384615384616
MOTIF metacluster_1pattern_18
letter-probability matrix: alength= 4 w= 10 E= 0
0.4041095890410959 0.2671232876712329 0.1232876712328767 0.2054794520547945
0.773972602739726 0.06164383561643835 0.0547945205479452 0.1095890410958904
0.3493150684931507 0.06164383561643835 0.4246575342465753 0.1643835616438356
0.815068493150685 0.03424657534246575 0.0684931506849315 0.0821917808219178
0.0547945205479452 0.00684931506849315 0.9315068493150684 0.00684931506849315
0.0136986301369863 0.958904109589041 0.00684931506849315 0.02054794520547945
0.0821917808219178 0.0821917808219178 0.02054794520547945 0.815068493150685
0.08904109589041095 0.0136986301369863 0.8287671232876712 0.0684931506849315
0.2602739726027397 0.22602739726027396 0.1506849315068493 0.363013698630137
0.1917808219178082 0.15753424657534246 0.11643835616438356 0.5342465753424658
MOTIF metacluster_1pattern_19
letter-probability matrix: alength= 4 w= 10 E= 0
0.48226950354609927 0.14893617021276595 0.14893617021276595 0.2198581560283688
0.06382978723404255 0.5815602836879432 0.04964539007092199 0.3049645390070922
0.7872340425531915 0.06382978723404255 0.09219858156028368 0.05673758865248227
0.028368794326241134 0.028368794326241134 0.9361702127659575 0.0070921985815602835
0.07801418439716312 0.07092198581560284 0.0070921985815602835 0.8439716312056738
0.07801418439716312 0.03546099290780142 0.8794326241134752 0.0070921985815602835
0.15602836879432624 0.1702127659574468 0.0070921985815602835 0.6666666666666666
0.3829787234042553 0.05673758865248227 0.3049645390070922 0.2553191489361702
0.4397163120567376 0.05673758865248227 0.3971631205673759 0.10638297872340426
0.10638297872340426 0.7730496453900709 0.05673758865248227 0.06382978723404255
MOTIF metacluster_1pattern_20
letter-probability matrix: alength= 4 w= 10 E= 0
0.48175182481751827 0.10948905109489052 0.20437956204379562 0.20437956204379562
0.2846715328467153 0.058394160583941604 0.08029197080291971 0.5766423357664233
0.021897810218978103 0.0 0.9635036496350365 0.014598540145985401
0.014598540145985401 0.029197080291970802 0.0 0.9562043795620438
0.9562043795620438 0.0072992700729927005 0.014598540145985401 0.021897810218978103
0.021897810218978103 0.11678832116788321 0.0364963503649635 0.8248175182481752
0.06569343065693431 0.029197080291970802 0.8467153284671532 0.058394160583941604
0.0948905109489051 0.1386861313868613 0.051094890510948905 0.7153284671532847
0.6642335766423357 0.051094890510948905 0.19708029197080293 0.08759124087591241
0.3284671532846715 0.20437956204379562 0.08029197080291971 0.38686131386861317
MOTIF metacluster_1pattern_21
letter-probability matrix: alength= 4 w= 10 E= 0
0.4188034188034188 0.07692307692307693 0.1623931623931624 0.3418803418803419
0.39316239316239315 0.1623931623931624 0.1452991452991453 0.29914529914529914
0.3076923076923077 0.15384615384615385 0.20512820512820512 0.3333333333333333
0.0 0.9743589743589743 0.008547008547008548 0.017094017094017096
0.017094017094017096 0.0 0.9401709401709402 0.042735042735042736
0.15384615384615385 0.08547008547008547 0.6923076923076923 0.06837606837606838
0.0 0.02564102564102564 0.0 0.9743589743589743
0.8205128205128205 0.02564102564102564 0.06837606837606838 0.08547008547008547
0.23076923076923078 0.1111111111111111 0.13675213675213677 0.5213675213675214
0.19658119658119658 0.1452991452991453 0.26495726495726496 0.39316239316239315
MOTIF metacluster_1pattern_22
letter-probability matrix: alength= 4 w= 10 E= 0
0.7363636363636363 0.08181818181818182 0.10909090909090909 0.07272727272727272
0.0 0.9363636363636364 0.00909090909090909 0.05454545454545454
0.5818181818181818 0.08181818181818182 0.11818181818181818 0.21818181818181817
0.23636363636363636 0.02727272727272727 0.6181818181818182 0.11818181818181818
0.045454545454545456 0.12727272727272726 0.05454545454545454 0.7727272727272727
0.045454545454545456 0.00909090909090909 0.9363636363636364 0.00909090909090909
0.06363636363636363 0.08181818181818182 0.02727272727272727 0.8272727272727273
0.44545454545454544 0.03636363636363636 0.2727272727272727 0.24545454545454545
0.45454545454545453 0.17272727272727273 0.1 0.2727272727272727
0.4727272727272727 0.08181818181818182 0.14545454545454545 0.3
MOTIF metacluster_1pattern_23
letter-probability matrix: alength= 4 w= 10 E= 0
0.2916666666666667 0.041666666666666664 0.4791666666666667 0.1875
0.020833333333333332 0.5729166666666666 0.03125 0.375
0.6354166666666666 0.03125 0.13541666666666666 0.19791666666666666
0.5416666666666666 0.08333333333333333 0.13541666666666666 0.23958333333333334
0.03125 0.041666666666666664 0.0 0.9270833333333334
0.0 0.0 1.0 0.0
0.07291666666666667 0.13541666666666666 0.010416666666666666 0.78125
0.3541666666666667 0.13541666666666666 0.125 0.3854166666666667
0.65625 0.010416666666666666 0.13541666666666666 0.19791666666666666
0.03125 0.8645833333333334 0.03125 0.07291666666666667
MOTIF metacluster_1pattern_24
letter-probability matrix: alength= 4 w= 10 E= 0
0.4777777777777778 0.26666666666666666 0.1111111111111111 0.14444444444444443
0.5555555555555556 0.12222222222222222 0.06666666666666667 0.25555555555555554
0.0 0.9222222222222223 0.03333333333333333 0.044444444444444446
0.5555555555555556 0.1 0.07777777777777778 0.26666666666666666
0.14444444444444443 0.022222222222222223 0.8222222222222222 0.011111111111111112
0.36666666666666664 0.044444444444444446 0.5333333333333333 0.05555555555555555
0.0 0.044444444444444446 0.011111111111111112 0.9444444444444444
0.14444444444444443 0.0 0.8111111111111111 0.044444444444444446
0.13333333333333333 0.2222222222222222 0.16666666666666666 0.4777777777777778
0.13333333333333333 0.16666666666666666 0.1111111111111111 0.5888888888888889
MOTIF metacluster_1pattern_25
letter-probability matrix: alength= 4 w= 10 E= 0
0.2571428571428571 0.5571428571428572 0.04285714285714286 0.14285714285714285
0.7571428571428571 0.1 0.014285714285714285 0.12857142857142856
0.2714285714285714 0.44285714285714284 0.12857142857142856 0.15714285714285714
0.02857142857142857 0.6 0.08571428571428572 0.2857142857142857
0.32857142857142857 0.014285714285714285 0.5857142857142857 0.07142857142857142
0.04285714285714286 0.8142857142857143 0.12857142857142856 0.014285714285714285
0.014285714285714285 0.02857142857142857 0.014285714285714285 0.9428571428571428
0.05714285714285714 0.02857142857142857 0.9142857142857143 0.0
0.2571428571428571 0.22857142857142856 0.21428571428571427 0.3
0.12857142857142856 0.14285714285714285 0.04285714285714286 0.6857142857142857
MOTIF metacluster_1pattern_26
letter-probability matrix: alength= 4 w= 10 E= 0
0.3088235294117647 0.19117647058823528 0.3235294117647059 0.17647058823529413
0.1323529411764706 0.029411764705882353 0.04411764705882353 0.7941176470588235
0.014705882352941176 0.058823529411764705 0.8970588235294118 0.029411764705882353
0.04411764705882353 0.014705882352941176 0.014705882352941176 0.9264705882352942
0.8382352941176471 0.0 0.029411764705882353 0.1323529411764706
0.4852941176470588 0.14705882352941177 0.07352941176470588 0.29411764705882354
0.8382352941176471 0.0 0.014705882352941176 0.14705882352941177
0.4264705882352941 0.35294117647058826 0.029411764705882353 0.19117647058823528
0.6470588235294118 0.14705882352941177 0.058823529411764705 0.14705882352941177
0.5294117647058824 0.19117647058823528 0.14705882352941177 0.1323529411764706
MOTIF metacluster_1pattern_27
letter-probability matrix: alength= 4 w= 10 E= 0
0.5 0.05172413793103448 0.25862068965517243 0.1896551724137931
0.0 1.0 0.0 0.0
0.6724137931034483 0.017241379310344827 0.1724137931034483 0.13793103448275862
0.06896551724137931 0.034482758620689655 0.8448275862068966 0.05172413793103448
0.15517241379310345 0.034482758620689655 0.017241379310344827 0.7931034482758621
0.034482758620689655 0.017241379310344827 0.9482758620689655 0.0
0.08620689655172414 0.7931034482758621 0.034482758620689655 0.08620689655172414
0.1896551724137931 0.1206896551724138 0.08620689655172414 0.603448275862069
0.3448275862068966 0.0 0.39655172413793105 0.25862068965517243
0.22413793103448276 0.15517241379310345 0.10344827586206896 0.5172413793103449
MOTIF metacluster_1pattern_28
letter-probability matrix: alength= 4 w= 10 E= 0
0.11538461538461539 0.057692307692307696 0.34615384615384615 0.4807692307692308
0.0 0.9230769230769231 0.0 0.07692307692307693
0.21153846153846154 0.1346153846153846 0.4230769230769231 0.23076923076923078
0.11538461538461539 0.17307692307692307 0.6923076923076923 0.019230769230769232
0.0 0.038461538461538464 0.038461538461538464 0.9230769230769231
0.0 0.0 1.0 0.0
0.038461538461538464 0.23076923076923078 0.21153846153846154 0.5192307692307693
0.038461538461538464 0.019230769230769232 0.057692307692307696 0.8846153846153846
0.38461538461538464 0.09615384615384616 0.23076923076923078 0.28846153846153844
0.07692307692307693 0.5576923076923077 0.07692307692307693 0.28846153846153844
MOTIF metacluster_2pattern_0
letter-probability matrix: alength= 4 w= 10 E= 0
0.2 0.28 0.32 0.2
0.28 0.38 0.2 0.14
0.54 0.22 0.14 0.1
0.66 0.08 0.06 0.2
0.16 0.02 0.26 0.56
0.0 0.0 1.0 0.0
0.28 0.22 0.22 0.28
0.0 0.96 0.02 0.02
0.42 0.54 0.02 0.02
0.5 0.16 0.18 0.16
MOTIF metacluster_2pattern_1
letter-probability matrix: alength= 4 w= 10 E= 0
0.13333333333333333 0.15555555555555556 0.4888888888888889 0.2222222222222222
0.3333333333333333 0.28888888888888886 0.2 0.17777777777777778
0.8 0.06666666666666667 0.022222222222222223 0.1111111111111111
0.7111111111111111 0.044444444444444446 0.15555555555555556 0.08888888888888889
0.0 0.0 1.0 0.0
0.022222222222222223 0.0 0.9777777777777777 0.0
0.7777777777777778 0.08888888888888889 0.044444444444444446 0.08888888888888889
0.3333333333333333 0.4 0.044444444444444446 0.2222222222222222
0.4444444444444444 0.1111111111111111 0.2222222222222222 0.2222222222222222
0.28888888888888886 0.13333333333333333 0.044444444444444446 0.5333333333333333
MOTIF metacluster_2pattern_2
letter-probability matrix: alength= 4 w= 10 E= 0
0.23076923076923078 0.28205128205128205 0.15384615384615385 0.3333333333333333
0.10256410256410256 0.6666666666666666 0.10256410256410256 0.1282051282051282
0.3076923076923077 0.1794871794871795 0.15384615384615385 0.358974358974359
0.358974358974359 0.20512820512820512 0.02564102564102564 0.41025641025641024
0.02564102564102564 0.02564102564102564 0.8974358974358975 0.05128205128205128
0.02564102564102564 0.05128205128205128 0.9230769230769231 0.0
0.7948717948717948 0.0 0.1282051282051282 0.07692307692307693
0.07692307692307693 0.23076923076923078 0.10256410256410256 0.5897435897435898
0.38461538461538464 0.3333333333333333 0.20512820512820512 0.07692307692307693
0.2564102564102564 0.1282051282051282 0.15384615384615385 0.46153846153846156
MOTIF metacluster_2pattern_3
letter-probability matrix: alength= 4 w= 10 E= 0
0.15384615384615385 0.23076923076923078 0.5128205128205128 0.10256410256410256
0.1794871794871795 0.46153846153846156 0.15384615384615385 0.20512820512820512
0.23076923076923078 0.717948717948718 0.02564102564102564 0.02564102564102564
1.0 0.0 0.0 0.0
0.9743589743589743 0.02564102564102564 0.0 0.0
0.8205128205128205 0.02564102564102564 0.07692307692307693 0.07692307692307693
0.7692307692307693 0.05128205128205128 0.07692307692307693 0.10256410256410256
0.6666666666666666 0.1282051282051282 0.07692307692307693 0.1282051282051282
0.15384615384615385 0.23076923076923078 0.2564102564102564 0.358974358974359
0.07692307692307693 0.23076923076923078 0.2564102564102564 0.4358974358974359
MOTIF metacluster_2pattern_4
letter-probability matrix: alength= 4 w= 10 E= 0
0.0 0.75 0.0625 0.1875
0.15625 0.84375 0.0 0.0
0.46875 0.3125 0.03125 0.1875
0.53125 0.125 0.03125 0.3125
0.78125 0.0625 0.09375 0.0625
0.96875 0.03125 0.0 0.0
0.375 0.0625 0.15625 0.40625
0.25 0.125 0.375 0.25
0.125 0.40625 0.09375 0.375
0.15625 0.3125 0.15625 0.375
MOTIF metacluster_2pattern_5
letter-probability matrix: alength= 4 w= 10 E= 0
0.26666666666666666 0.5333333333333333 0.1 0.1
0.23333333333333334 0.26666666666666666 0.1 0.4
0.23333333333333334 0.26666666666666666 0.03333333333333333 0.4666666666666667
0.5666666666666667 0.1 0.13333333333333333 0.2
1.0 0.0 0.0 0.0
0.8333333333333334 0.0 0.16666666666666666 0.0
0.13333333333333333 0.06666666666666667 0.7333333333333333 0.06666666666666667
0.23333333333333334 0.06666666666666667 0.5333333333333333 0.16666666666666666
0.23333333333333334 0.23333333333333334 0.16666666666666666 0.36666666666666664
0.26666666666666666 0.1 0.3333333333333333 0.3
MOTIF metacluster_3pattern_0
letter-probability matrix: alength= 4 w= 10 E= 0
0.49019607843137253 0.09803921568627451 0.19607843137254902 0.21568627450980393
0.4117647058823529 0.29411764705882354 0.0392156862745098 0.2549019607843137
0.058823529411764705 0.27450980392156865 0.0784313725490196 0.5882352941176471
0.5882352941176471 0.2549019607843137 0.0 0.1568627450980392
0.0392156862745098 0.0 0.9411764705882353 0.0196078431372549
0.39215686274509803 0.3137254901960784 0.0392156862745098 0.2549019607843137
0.17647058823529413 0.0392156862745098 0.39215686274509803 0.39215686274509803
0.27450980392156865 0.0392156862745098 0.4117647058823529 0.27450980392156865
0.1568627450980392 0.1568627450980392 0.3137254901960784 0.37254901960784315
0.35294117647058826 0.19607843137254902 0.27450980392156865 0.17647058823529413
MOTIF metacluster_3pattern_1
letter-probability matrix: alength= 4 w= 10 E= 0
0.3958333333333333 0.14583333333333334 0.20833333333333334 0.25
0.22916666666666666 0.3541666666666667 0.14583333333333334 0.2708333333333333
0.3541666666666667 0.3333333333333333 0.10416666666666667 0.20833333333333334
0.7291666666666666 0.041666666666666664 0.125 0.10416666666666667
0.22916666666666666 0.08333333333333333 0.2916666666666667 0.3958333333333333
0.16666666666666666 0.125 0.10416666666666667 0.6041666666666666
0.5208333333333334 0.0 0.3333333333333333 0.14583333333333334
0.10416666666666667 0.20833333333333334 0.020833333333333332 0.6666666666666666
0.20833333333333334 0.375 0.16666666666666666 0.25
0.4166666666666667 0.2708333333333333 0.08333333333333333 0.22916666666666666
MOTIF metacluster_3pattern_2
letter-probability matrix: alength= 4 w= 10 E= 0
0.275 0.05 0.05 0.625
0.8 0.0 0.025 0.175
0.075 0.7 0.025 0.2
0.175 0.15 0.05 0.625
0.275 0.025 0.5 0.2
0.35 0.075 0.2 0.375
0.1 0.05 0.175 0.675
0.225 0.325 0.15 0.3
0.275 0.225 0.4 0.1
0.325 0.3 0.175 0.2
MOTIF metacluster_3pattern_3
letter-probability matrix: alength= 4 w= 10 E= 0
0.475 0.2 0.0 0.325
0.35 0.0 0.525 0.125
0.05 0.225 0.0 0.725
0.35 0.0 0.35 0.3
0.1 0.325 0.075 0.5
0.35 0.075 0.125 0.45
0.275 0.1 0.425 0.2
0.1 0.325 0.2 0.375
0.125 0.225 0.075 0.575
0.225 0.225 0.275 0.275
MOTIF metacluster_3pattern_4
letter-probability matrix: alength= 4 w= 10 E= 0
0.631578947368421 0.13157894736842105 0.13157894736842105 0.10526315789473684
0.21052631578947367 0.02631578947368421 0.4473684210526316 0.3157894736842105
0.13157894736842105 0.2894736842105263 0.05263157894736842 0.5263157894736842
0.5 0.0 0.5 0.0
0.15789473684210525 0.05263157894736842 0.5263157894736842 0.2631578947368421
0.07894736842105263 0.631578947368421 0.0 0.2894736842105263
0.02631578947368421 0.02631578947368421 0.8947368421052632 0.05263157894736842
0.39473684210526316 0.10526315789473684 0.18421052631578946 0.3157894736842105
0.07894736842105263 0.23684210526315788 0.2631578947368421 0.42105263157894735
0.3684210526315789 0.05263157894736842 0.2631578947368421 0.3157894736842105
MOTIF metacluster_3pattern_5
letter-probability matrix: alength= 4 w= 10 E= 0
0.35294117647058826 0.2647058823529412 0.029411764705882353 0.35294117647058826
0.08823529411764706 0.058823529411764705 0.7058823529411765 0.14705882352941177
0.38235294117647056 0.20588235294117646 0.08823529411764706 0.3235294117647059
0.5 0.029411764705882353 0.2647058823529412 0.20588235294117646
0.29411764705882354 0.08823529411764706 0.38235294117647056 0.23529411764705882
0.0 0.8529411764705882 0.029411764705882353 0.11764705882352941
0.20588235294117646 0.058823529411764705 0.4411764705882353 0.29411764705882354
0.14705882352941177 0.38235294117647056 0.0 0.47058823529411764
0.029411764705882353 0.5 0.058823529411764705 0.4117647058823529
0.4117647058823529 0.08823529411764706 0.17647058823529413 0.3235294117647059
MOTIF metacluster_3pattern_6
letter-probability matrix: alength= 4 w= 10 E= 0
0.21875 0.25 0.03125 0.5
0.71875 0.03125 0.09375 0.15625
0.03125 0.3125 0.1875 0.46875
0.3125 0.28125 0.0625 0.34375
0.03125 0.0 0.9375 0.03125
0.0625 0.65625 0.0625 0.21875
0.0625 0.0 0.03125 0.90625
0.46875 0.0625 0.3125 0.15625
0.1875 0.125 0.21875 0.46875
0.25 0.25 0.0625 0.4375
MOTIF metacluster_3pattern_7
letter-probability matrix: alength= 4 w= 10 E= 0
0.23333333333333334 0.23333333333333334 0.43333333333333335 0.1
0.43333333333333335 0.26666666666666666 0.06666666666666667 0.23333333333333334
0.2 0.3333333333333333 0.26666666666666666 0.2
0.5333333333333333 0.13333333333333333 0.1 0.23333333333333334
0.13333333333333333 0.13333333333333333 0.3333333333333333 0.4
0.26666666666666666 0.26666666666666666 0.26666666666666666 0.2
0.2 0.16666666666666666 0.3333333333333333 0.3
0.06666666666666667 0.9333333333333333 0.0 0.0
0.0 0.0 0.9666666666666667 0.03333333333333333
0.5666666666666667 0.16666666666666666 0.06666666666666667 0.2
