MEME version 5
ALPHABET= ACGT
strands: +
Background letter frequencies
A 0.29 C 0.21 G 0.21 T 0.29
MOTIF metacluster_0pattern_0
letter-probability matrix: alength= 4 w= 10 E= 0
0.3745907007203667 0.14538310412573674 0.23313686967910938 0.24688932547478717
0.2965291421087099 0.16175507531106745 0.17013752455795678 0.3715782580222659
0.25723641126391616 0.2400785854616896 0.3180091683038638 0.18467583497053044
0.008120497707924034 0.01558611656843484 0.02108709888670596 0.9552062868369352
0.0026195153896529143 0.9884741322855272 0.00366732154551408 0.005239030779305829
0.034053700065487885 0.9390962671905697 0.00366732154551408 0.02318271119842829
0.11984282907662082 0.04034053700065488 0.05854616895874263 0.7812704649639817
0.13647675180091684 0.14629993451211526 0.314603798297315 0.4026195153896529
0.2223968565815324 0.2272429600523903 0.2864440078585462 0.2639161755075311
0.27570399476096924 0.20183366077275705 0.25199738048461034 0.2704649639816634
MOTIF metacluster_0pattern_1
letter-probability matrix: alength= 4 w= 10 E= 0
0.28883495145631066 0.22241835834068843 0.19924977934686672 0.28949691085613416
0.235216240070609 0.2325684024713151 0.17784642541924095 0.35436893203883496
0.26963812886142985 0.2619152691968226 0.25728155339805825 0.2111650485436893
0.6074580759046778 0.11032656663724624 0.09377758164165931 0.1884377758164166
0.3759929390997352 0.0324360105913504 0.3312003530450132 0.26037069726390116
0.01676963812886143 0.011694616063548102 0.9609443954104149 0.01059135039717564
0.9790379523389232 0.005736981465136805 0.007502206531332745 0.007722859664607238
0.01963812886142983 0.02405119152691968 0.011694616063548102 0.9446160635481023
0.09245366284201235 0.6968225948808473 0.08296557811120918 0.12775816416593117
0.33031774051191526 0.16593115622241836 0.20410414827890555 0.2996469549867608
MOTIF metacluster_0pattern_2
letter-probability matrix: alength= 4 w= 10 E= 0
0.40638297872340423 0.24723404255319148 0.16680851063829788 0.17957446808510638
0.3931914893617021 0.3485106382978723 0.13319148936170214 0.1251063829787234
0.745531914893617 0.11531914893617021 0.07787234042553191 0.06127659574468085
0.6893617021276596 0.14382978723404255 0.06425531914893617 0.1025531914893617
0.2425531914893617 0.3127659574468085 0.04425531914893617 0.4004255319148936
0.00723404255319149 0.001276595744680851 0.000425531914893617 0.9910638297872341
0.002553191489361702 0.019148936170212766 0.004680851063829788 0.9736170212765958
0.059574468085106386 0.1127659574468085 0.2795744680851064 0.5480851063829787
0.2246808510638298 0.09191489361702128 0.4246808510638298 0.25872340425531914
0.1697872340425532 0.2178723404255319 0.3893617021276596 0.2229787234042553
MOTIF metacluster_0pattern_3
letter-probability matrix: alength= 4 w= 10 E= 0
0.4134228187919463 0.24563758389261744 0.23221476510067113 0.1087248322147651
0.5637583892617449 0.16778523489932887 0.087248322147651 0.18120805369127516
0.5785234899328859 0.17852348993288591 0.14093959731543623 0.10201342281879194
0.4442953020134228 0.11543624161073826 0.04563758389261745 0.3946308724832215
0.0026845637583892616 0.0013422818791946308 0.0 0.9959731543624161
0.013422818791946308 0.016107382550335572 0.006711409395973154 0.963758389261745
0.4161073825503356 0.040268456375838924 0.2778523489932886 0.2657718120805369
0.9677852348993289 0.013422818791946308 0.009395973154362415 0.009395973154362415
0.11140939597315436 0.016107382550335572 0.07114093959731543 0.8013422818791947
0.14228187919463087 0.15838926174496645 0.4657718120805369 0.23355704697986576
MOTIF metacluster_0pattern_4
letter-probability matrix: alength= 4 w= 10 E= 0
0.4540229885057471 0.19157088122605365 0.18199233716475097 0.1724137931034483
0.2624521072796935 0.32950191570881227 0.17624521072796934 0.23180076628352492
0.5632183908045977 0.1896551724137931 0.03639846743295019 0.210727969348659
0.7586206896551724 0.05938697318007663 0.11302681992337164 0.06896551724137931
0.9578544061302682 0.007662835249042145 0.02490421455938697 0.009578544061302681
0.0 0.0 0.0 1.0
0.017241379310344827 0.044061302681992334 0.01532567049808429 0.9233716475095786
0.5862068965517241 0.0421455938697318 0.23371647509578544 0.13793103448275862
0.45977011494252873 0.05555555555555555 0.21455938697318008 0.27011494252873564
0.2567049808429119 0.11494252873563218 0.5268199233716475 0.10153256704980843
MOTIF metacluster_0pattern_5
letter-probability matrix: alength= 4 w= 10 E= 0
0.6454918032786885 0.03483606557377049 0.26024590163934425 0.05942622950819672
0.7151639344262295 0.06762295081967214 0.05942622950819672 0.15778688524590165
0.05122950819672131 0.8360655737704918 0.09631147540983606 0.01639344262295082
0.0020491803278688526 0.0020491803278688526 0.004098360655737705 0.9918032786885246
0.0 0.9590163934426229 0.006147540983606557 0.03483606557377049
0.0020491803278688526 0.9877049180327869 0.004098360655737705 0.006147540983606557
0.6823770491803278 0.13524590163934427 0.14959016393442623 0.03278688524590164
0.4139344262295082 0.16188524590163936 0.3401639344262295 0.08401639344262295
0.24180327868852458 0.2766393442622951 0.26844262295081966 0.21311475409836064
0.27049180327868855 0.1885245901639344 0.22131147540983606 0.319672131147541
MOTIF metacluster_0pattern_6
letter-probability matrix: alength= 4 w= 10 E= 0
0.28542094455852157 0.23613963039014374 0.1293634496919918 0.3490759753593429
0.3059548254620123 0.2135523613963039 0.1806981519507187 0.2997946611909651
0.43121149897330596 0.06981519507186858 0.11293634496919917 0.3860369609856263
0.03696098562628337 0.018480492813141684 0.030800821355236138 0.9137577002053389
0.014373716632443531 0.008213552361396304 0.9527720739219713 0.024640657084188913
0.1704312114989733 0.030800821355236138 0.7905544147843943 0.008213552361396304
0.004106776180698152 0.9774127310061602 0.012320328542094456 0.006160164271047228
0.024640657084188913 0.9671457905544147 0.002053388090349076 0.006160164271047228
0.5975359342915811 0.06570841889117043 0.057494866529774126 0.2792607802874743
0.2997946611909651 0.17864476386036962 0.2053388090349076 0.3162217659137577
MOTIF metacluster_0pattern_7
letter-probability matrix: alength= 4 w= 10 E= 0
0.416289592760181 0.21266968325791855 0.16289592760180996 0.2081447963800905
0.2918552036199095 0.2692307692307692 0.11764705882352941 0.3212669683257919
0.5542986425339367 0.13574660633484162 0.167420814479638 0.1425339366515837
0.834841628959276 0.03619909502262444 0.09728506787330317 0.03167420814479638
0.01583710407239819 0.00904977375565611 0.011312217194570135 0.9638009049773756
0.02262443438914027 0.0022624434389140274 0.0 0.9751131221719457
0.06334841628959276 0.027149321266968326 0.07013574660633484 0.8393665158371041
0.8484162895927602 0.038461538461538464 0.09049773755656108 0.02262443438914027
0.2239819004524887 0.020361990950226245 0.033936651583710405 0.7217194570135747
0.12669683257918551 0.049773755656108594 0.6538461538461539 0.16968325791855204
MOTIF metacluster_0pattern_8
letter-probability matrix: alength= 4 w= 10 E= 0
0.9512893982808023 0.022922636103151862 0.017191977077363897 0.008595988538681949
0.9713467048710601 0.0057306590257879654 0.0057306590257879654 0.017191977077363897
0.9828080229226361 0.0028653295128939827 0.0 0.014326647564469915
0.9856733524355301 0.011461318051575931 0.0028653295128939827 0.0
0.9856733524355301 0.0028653295128939827 0.008595988538681949 0.0028653295128939827
0.9799426934097422 0.0028653295128939827 0.0057306590257879654 0.011461318051575931
0.994269340974212 0.0057306590257879654 0.0 0.0
0.9713467048710601 0.0 0.008595988538681949 0.02005730659025788
0.9570200573065902 0.0057306590257879654 0.008595988538681949 0.02865329512893983
0.8538681948424068 0.025787965616045846 0.06017191977077364 0.06017191977077364
MOTIF metacluster_0pattern_9
letter-probability matrix: alength= 4 w= 10 E= 0
0.68 0.07076923076923076 0.07692307692307693 0.1723076923076923
0.4676923076923077 0.12 0.20307692307692307 0.20923076923076922
0.15384615384615385 0.033846153846153845 0.796923076923077 0.015384615384615385
0.9692307692307692 0.009230769230769232 0.018461538461538463 0.003076923076923077
0.04 0.28923076923076924 0.26461538461538464 0.40615384615384614
0.021538461538461538 0.012307692307692308 0.0 0.9661538461538461
0.003076923076923077 0.009230769230769232 0.0 0.9876923076923076
0.24 0.18769230769230769 0.18769230769230769 0.38461538461538464
0.47384615384615386 0.07692307692307693 0.24923076923076923 0.2
0.16307692307692306 0.07692307692307693 0.4276923076923077 0.3323076923076923
MOTIF metacluster_0pattern_10
letter-probability matrix: alength= 4 w= 10 E= 0
0.4305555555555556 0.2361111111111111 0.1388888888888889 0.19444444444444445
0.4270833333333333 0.3368055555555556 0.11458333333333333 0.12152777777777778
0.6354166666666666 0.2361111111111111 0.04861111111111111 0.0798611111111111
0.8055555555555556 0.11458333333333333 0.059027777777777776 0.020833333333333332
0.8645833333333334 0.07291666666666667 0.017361111111111112 0.04513888888888889
0.9236111111111112 0.024305555555555556 0.027777777777777776 0.024305555555555556
0.9652777777777778 0.010416666666666666 0.017361111111111112 0.006944444444444444
0.9826388888888888 0.0 0.010416666666666666 0.006944444444444444
0.8090277777777778 0.034722222222222224 0.059027777777777776 0.09722222222222222
0.3368055555555556 0.06597222222222222 0.2708333333333333 0.3263888888888889
MOTIF metacluster_0pattern_11
letter-probability matrix: alength= 4 w= 10 E= 0
0.42073170731707316 0.16463414634146342 0.21341463414634146 0.20121951219512196
0.3902439024390244 0.1951219512195122 0.06707317073170732 0.3475609756097561
0.8963414634146342 0.036585365853658534 0.06097560975609756 0.006097560975609756
0.0 0.0 0.0 1.0
0.0 0.9939024390243902 0.006097560975609756 0.0
0.006097560975609756 0.9939024390243902 0.0 0.0
0.3902439024390244 0.4695121951219512 0.0975609756097561 0.042682926829268296
0.012195121951219513 0.03048780487804878 0.006097560975609756 0.9512195121951219
0.054878048780487805 0.18292682926829268 0.16463414634146342 0.5975609756097561
0.20121951219512196 0.21951219512195122 0.2073170731707317 0.3719512195121951
MOTIF metacluster_0pattern_12
letter-probability matrix: alength= 4 w= 10 E= 0
0.4583333333333333 0.20833333333333334 0.175 0.15833333333333333
0.38333333333333336 0.21666666666666667 0.25 0.15
0.25833333333333336 0.45 0.21666666666666667 0.075
0.025 0.0 0.016666666666666666 0.9583333333333334
0.016666666666666666 0.9666666666666667 0.008333333333333333 0.008333333333333333
0.025 0.9666666666666667 0.0 0.008333333333333333
0.0 0.0 0.025 0.975
0.05 0.8666666666666667 0.058333333333333334 0.025
0.06666666666666667 0.8916666666666667 0.025 0.016666666666666666
0.35833333333333334 0.125 0.11666666666666667 0.4
MOTIF metacluster_0pattern_13
letter-probability matrix: alength= 4 w= 10 E= 0
0.3697478991596639 0.20168067226890757 0.16806722689075632 0.2605042016806723
0.25210084033613445 0.21008403361344538 0.2857142857142857 0.25210084033613445
0.2857142857142857 0.2857142857142857 0.14285714285714285 0.2857142857142857
0.3949579831932773 0.16806722689075632 0.16806722689075632 0.2689075630252101
0.008403361344537815 0.0 0.9915966386554622 0.0
0.0 0.01680672268907563 0.9831932773109243 0.0
0.9831932773109243 0.008403361344537815 0.0 0.008403361344537815
0.0 0.0 0.0 1.0
0.9747899159663865 0.01680672268907563 0.008403361344537815 0.0
0.7899159663865546 0.12605042016806722 0.01680672268907563 0.06722689075630252
MOTIF metacluster_0pattern_14
letter-probability matrix: alength= 4 w= 10 E= 0
0.5362318840579711 0.13043478260869565 0.10144927536231885 0.2318840579710145
0.4492753623188406 0.17391304347826086 0.08695652173913043 0.2898550724637681
0.5507246376811594 0.13043478260869565 0.10144927536231885 0.21739130434782608
0.2028985507246377 0.4927536231884058 0.21739130434782608 0.08695652173913043
0.028985507246376812 0.927536231884058 0.0 0.043478260869565216
0.014492753623188406 0.9855072463768116 0.0 0.0
0.014492753623188406 0.0 0.0 0.9855072463768116
0.0 0.014492753623188406 0.0 0.9855072463768116
0.043478260869565216 0.10144927536231885 0.21739130434782608 0.6376811594202898
0.2463768115942029 0.08695652173913043 0.2318840579710145 0.43478260869565216
MOTIF metacluster_0pattern_15
letter-probability matrix: alength= 4 w= 10 E= 0
0.3787878787878788 0.15151515151515152 0.3939393939393939 0.07575757575757576
0.696969696969697 0.12121212121212122 0.09090909090909091 0.09090909090909091
0.09090909090909091 0.8939393939393939 0.015151515151515152 0.0
0.0 0.0 0.0 1.0
0.030303030303030304 0.0 0.030303030303030304 0.9393939393939394
0.0 1.0 0.0 0.0
0.030303030303030304 0.015151515151515152 0.0 0.9545454545454546
0.015151515151515152 0.0 0.0 0.9848484848484849
0.10606060606060606 0.2727272727272727 0.25757575757575757 0.36363636363636365
0.42424242424242425 0.09090909090909091 0.3181818181818182 0.16666666666666666
MOTIF metacluster_0pattern_16
letter-probability matrix: alength= 4 w= 10 E= 0
0.6041666666666666 0.2708333333333333 0.041666666666666664 0.08333333333333333
0.3958333333333333 0.20833333333333334 0.08333333333333333 0.3125
0.6041666666666666 0.22916666666666666 0.0625 0.10416666666666667
1.0 0.0 0.0 0.0
0.9791666666666666 0.0 0.0 0.020833333333333332
0.3333333333333333 0.0 0.6666666666666666 0.0
0.9375 0.0 0.0 0.0625
0.8125 0.14583333333333334 0.020833333333333332 0.020833333333333332
0.8125 0.0 0.16666666666666666 0.020833333333333332
0.5833333333333334 0.1875 0.020833333333333332 0.20833333333333334
MOTIF metacluster_0pattern_17
letter-probability matrix: alength= 4 w= 10 E= 0
0.2 0.23333333333333334 0.06666666666666667 0.5
0.2 0.2 0.36666666666666664 0.23333333333333334
0.6333333333333333 0.26666666666666666 0.1 0.0
0.9333333333333333 0.0 0.03333333333333333 0.03333333333333333
0.0 0.0 0.9666666666666667 0.03333333333333333
0.0 0.0 1.0 0.0
0.03333333333333333 0.4 0.5666666666666667 0.0
0.0 0.06666666666666667 0.03333333333333333 0.9
0.0 1.0 0.0 0.0
0.5333333333333333 0.23333333333333334 0.06666666666666667 0.16666666666666666
MOTIF metacluster_1pattern_0
letter-probability matrix: alength= 4 w= 10 E= 0
0.15598885793871867 0.4181754874651811 0.12674094707520892 0.29909470752089135
0.11037604456824512 0.09784122562674094 0.36525069637883006 0.42653203342618384
0.015668523676880222 0.9425487465181058 0.009401114206128134 0.03238161559888579
0.21866295264623956 0.030292479108635098 0.16643454038997216 0.5846100278551533
0.0100974930362117 0.9637883008356546 0.01288300835654596 0.013231197771587743
0.13440111420612813 0.024721448467966575 0.13962395543175488 0.7012534818941504
0.05501392757660167 0.8586350974930362 0.04387186629526462 0.04247910863509749
0.15041782729805014 0.07172701949860724 0.21309192200557103 0.5647632311977716
0.16852367688022285 0.3969359331476323 0.1692200557103064 0.26532033426183843
0.21100278551532034 0.20055710306406685 0.24686629526462395 0.34157381615598886
MOTIF metacluster_1pattern_1
letter-probability matrix: alength= 4 w= 10 E= 0
0.3391969407265774 0.16711281070745698 0.13307839388145315 0.3606118546845124
0.5931166347992352 0.09904397705544933 0.13690248565965582 0.17093690248565965
0.1808795411089866 0.17323135755258126 0.15296367112810708 0.49292543021032503
0.00994263862332696 0.9724665391969407 0.0019120458891013384 0.015678776290630976
0.029063097514340344 0.0038240917782026767 0.9541108986615678 0.0130019120458891
0.6891013384321224 0.09636711281070745 0.11739961759082218 0.097131931166348
0.08068833652007648 0.04282982791586998 0.04091778202676864 0.8355640535372849
0.7812619502868069 0.050860420650095606 0.04703632887189293 0.12084130019120459
0.32237093690248564 0.17476099426386232 0.2959847036328872 0.2068833652007648
0.20191204588910133 0.35066921606118545 0.19005736137667303 0.25736137667304015
MOTIF metacluster_1pattern_2
letter-probability matrix: alength= 4 w= 10 E= 0
0.3153193389906208 0.22554711924966503 0.17463153193389908 0.2845020098258151
0.2635104957570344 0.4439481911567664 0.03305046895935686 0.2594908441268423
0.5145154086645825 0.05761500669941939 0.22376060741402412 0.2041089772219741
0.01205895489057615 0.9696292987941045 0.004912907548012505 0.013398838767306834
0.9066547565877624 0.018758374274229567 0.023671281822242072 0.05091558731576597
0.008932559178204555 0.9665029030817329 0.012952210808396605 0.011612326931665922
0.21304153640017864 0.0884323358642251 0.053595355069227336 0.6449307726663689
0.14828048235819563 0.15051362215274677 0.48637784725323807 0.21482804823581955
0.20455560518088434 0.2201875837427423 0.2219740955783832 0.3532827154979902
0.2233139794551139 0.2005359535506923 0.2554711924966503 0.32067887449754356
MOTIF metacluster_1pattern_3
letter-probability matrix: alength= 4 w= 10 E= 0
0.437410071942446 0.2251798561151079 0.19352517985611511 0.14388489208633093
0.5050359712230216 0.17985611510791366 0.1381294964028777 0.17697841726618704
0.06690647482014389 0.7661870503597122 0.08201438848920864 0.08489208633093526
0.8007194244604317 0.041726618705035974 0.06474820143884892 0.09280575539568345
0.015827338129496403 0.006474820143884892 0.9705035971223022 0.007194244604316547
0.022302158273381296 0.8654676258992806 0.04028776978417266 0.07194244604316546
0.03237410071942446 0.06546762589928058 0.013669064748201438 0.8884892086330936
0.02805755395683453 0.014388489208633094 0.9294964028776979 0.02805755395683453
0.21223021582733814 0.23669064748201438 0.220863309352518 0.3302158273381295
0.14244604316546763 0.20287769784172663 0.17985611510791366 0.4748201438848921
MOTIF metacluster_1pattern_4
letter-probability matrix: alength= 4 w= 10 E= 0
0.4624017957351291 0.2839506172839506 0.06509539842873176 0.18855218855218855
0.6868686868686869 0.05948372615039282 0.17059483726150393 0.08305274971941638
0.001122334455667789 0.9685746352413019 0.014590347923681257 0.015712682379349047
0.7833894500561167 0.06172839506172839 0.07744107744107744 0.07744107744107744
0.25813692480359146 0.10998877665544332 0.2356902356902357 0.3961840628507295
0.17732884399551066 0.07519640852974187 0.6487093153759821 0.09876543209876543
0.02244668911335578 0.03591470258136925 0.025813692480359147 0.9158249158249159
0.06958473625140292 0.008978675645342313 0.8866442199775533 0.03479236812570146
0.1627384960718294 0.2132435465768799 0.0819304152637486 0.5420875420875421
0.26038159371492703 0.07856341189674523 0.2570145903479237 0.40404040404040403
MOTIF metacluster_1pattern_5
letter-probability matrix: alength= 4 w= 10 E= 0
0.19035202086049544 0.24902216427640156 0.09778357235984354 0.46284224250325945
0.26727509778357234 0.17340286831812254 0.379400260756193 0.17992177314211213
0.41460234680573665 0.08083441981747067 0.26727509778357234 0.23728813559322035
0.00651890482398957 0.984354628422425 0.005215123859191656 0.003911342894393742
0.09126466753585398 0.009126466753585397 0.8670143415906127 0.03259452411994785
0.27249022164276404 0.19035202086049544 0.16297262059973924 0.3741851368970013
0.05867014341590613 0.8135593220338984 0.01694915254237288 0.11082138200782268
0.10039113428943937 0.035202086049543675 0.7926988265971316 0.07170795306388526
0.23598435462842243 0.455019556714472 0.11473272490221642 0.19426336375488917
0.19165580182529335 0.2607561929595828 0.1877444589308996 0.35984354628422427
MOTIF metacluster_1pattern_6
letter-probability matrix: alength= 4 w= 10 E= 0
0.23230974632843793 0.15620827770360482 0.48598130841121495 0.12550066755674233
0.01335113484646195 0.030707610146862484 0.9385847797062751 0.017356475300400534
0.012016021361815754 0.021361815754339118 0.009345794392523364 0.9572763684913218
0.08544726301735647 0.7596795727636849 0.07343124165554073 0.0814419225634179
0.8384512683578104 0.0267022696929239 0.04005340453938585 0.09479305740987984
0.014686248331108143 0.9479305740987984 0.018691588785046728 0.018691588785046728
0.636849132176235 0.09345794392523364 0.08544726301735647 0.1842456608811749
0.07610146862483311 0.7222963951935915 0.06942590120160214 0.1321762349799733
0.18958611481975968 0.13885180240320427 0.1375166889185581 0.5340453938584779
0.2576769025367156 0.15220293724966621 0.3471295060080107 0.24299065420560748
MOTIF metacluster_1pattern_7
letter-probability matrix: alength= 4 w= 10 E= 0
0.3157894736842105 0.20882852292020374 0.34465195246179964 0.1307300509337861
0.4601018675721562 0.13582342954159593 0.12903225806451613 0.27504244482173174
0.7640067911714771 0.04074702886247878 0.08149405772495756 0.11375212224108659
0.967741935483871 0.010186757215619695 0.0 0.022071307300509338
0.9303904923599321 0.03395585738539898 0.025466893039049237 0.010186757215619695
0.01867572156196944 0.9371816638370118 0.001697792869269949 0.042444821731748725
0.865874363327674 0.06281833616298811 0.042444821731748725 0.028862478777589132
0.7385398981324278 0.05602716468590832 0.09847198641765705 0.10696095076400679
0.5738539898132428 0.057724957555178265 0.19864176570458403 0.1697792869269949
0.2427843803056027 0.3157894736842105 0.13921901528013583 0.30220713073005095
MOTIF metacluster_1pattern_8
letter-probability matrix: alength= 4 w= 10 E= 0
0.21908127208480566 0.26325088339222613 0.2137809187279152 0.303886925795053
0.10070671378091872 0.09717314487632508 0.5371024734982333 0.26501766784452296
0.0176678445229682 0.8392226148409894 0.015901060070671377 0.127208480565371
0.0088339222614841 0.014134275618374558 0.9699646643109541 0.007067137809187279
0.0176678445229682 0.9222614840989399 0.0176678445229682 0.04240282685512368
0.0706713780918728 0.022968197879858657 0.17667844522968199 0.7296819787985865
0.0706713780918728 0.8091872791519434 0.03356890459363958 0.08657243816254417
0.13604240282685512 0.061837455830388695 0.07773851590106007 0.7243816254416962
0.19257950530035337 0.21554770318021202 0.2226148409893993 0.36925795053003535
0.18021201413427562 0.26855123674911663 0.13427561837455831 0.4169611307420495
MOTIF metacluster_1pattern_9
letter-probability matrix: alength= 4 w= 10 E= 0
0.33455882352941174 0.10477941176470588 0.3180147058823529 0.2426470588235294
0.5588235294117647 0.1213235294117647 0.13419117647058823 0.18566176470588236
0.6709558823529411 0.10294117647058823 0.11948529411764706 0.10661764705882353
0.8180147058823529 0.06433823529411764 0.01838235294117647 0.09926470588235294
0.8897058823529411 0.03125 0.05514705882352941 0.02389705882352941
0.18382352941176472 0.04044117647058824 0.012867647058823529 0.7628676470588235
0.9705882352941176 0.0 0.014705882352941176 0.014705882352941176
0.016544117647058824 0.9669117647058824 0.007352941176470588 0.009191176470588236
0.26838235294117646 0.42830882352941174 0.03125 0.27205882352941174
0.3805147058823529 0.11580882352941177 0.18933823529411764 0.31433823529411764
MOTIF metacluster_1pattern_10
letter-probability matrix: alength= 4 w= 10 E= 0
0.4198782961460446 0.16227180527383367 0.1744421906693712 0.2434077079107505
0.18255578093306288 0.24949290060851928 0.3002028397565923 0.26774847870182555
0.5050709939148073 0.1075050709939148 0.07302231237322515 0.3144016227180527
0.06288032454361055 0.016227180527383367 0.8803245436105477 0.04056795131845842
0.010141987829614604 0.9695740365111561 0.002028397565922921 0.018255578093306288
0.20081135902636918 0.02636916835699797 0.6288032454361054 0.1440162271805274
0.2129817444219067 0.460446247464503 0.11561866125760649 0.21095334685598377
0.30425963488843816 0.1947261663286004 0.1075050709939148 0.3935091277890467
0.20486815415821502 0.07505070993914807 0.5882352941176471 0.13184584178498987
0.11359026369168357 0.7383367139959433 0.07910750507099391 0.06896551724137931
MOTIF metacluster_1pattern_11
letter-probability matrix: alength= 4 w= 10 E= 0
0.23819301848049282 0.2813141683778234 0.19301848049281314 0.2874743326488706
0.23408624229979466 0.1457905544147844 0.1273100616016427 0.4928131416837782
0.24845995893223818 0.1601642710472279 0.34496919917864477 0.2464065708418891
0.5256673511293635 0.08624229979466119 0.23203285420944558 0.15605749486652978
0.006160164271047228 0.9835728952772074 0.004106776180698152 0.006160164271047228
0.022587268993839837 0.008213552361396304 0.9609856262833676 0.008213552361396304
0.10061601642710473 0.07392197125256673 0.08624229979466119 0.7392197125256673
0.09650924024640657 0.6919917864476386 0.08829568788501027 0.12320328542094455
0.8234086242299795 0.014373716632443531 0.06570841889117043 0.09650924024640657
0.030800821355236138 0.7802874743326489 0.13347022587268995 0.055441478439425054
MOTIF metacluster_1pattern_12
letter-probability matrix: alength= 4 w= 10 E= 0
0.38620689655172413 0.052873563218390804 0.14482758620689656 0.4160919540229885
0.4735632183908046 0.03218390804597701 0.05057471264367816 0.4436781609195402
0.825287356321839 0.011494252873563218 0.04367816091954023 0.11954022988505747
0.9425287356321839 0.009195402298850575 0.0 0.04827586206896552
0.8436781609195402 0.03218390804597701 0.05057471264367816 0.0735632183908046
0.1310344827586207 0.2482758620689655 0.020689655172413793 0.6
0.7333333333333333 0.02528735632183908 0.04367816091954023 0.19770114942528735
0.48735632183908045 0.24367816091954023 0.11954022988505747 0.14942528735632185
0.335632183908046 0.2206896551724138 0.12873563218390804 0.31494252873563217
0.27586206896551724 0.18850574712643678 0.12413793103448276 0.4114942528735632
MOTIF metacluster_1pattern_13
letter-probability matrix: alength= 4 w= 10 E= 0
0.2988235294117647 0.14823529411764705 0.30823529411764705 0.2447058823529412
0.19058823529411764 0.20705882352941177 0.20941176470588235 0.39294117647058824
0.2211764705882353 0.07764705882352942 0.13647058823529412 0.5647058823529412
0.2447058823529412 0.4894117647058824 0.04 0.22588235294117648
0.9176470588235294 0.021176470588235293 0.02588235294117647 0.03529411764705882
0.0 0.9929411764705882 0.0 0.007058823529411765
0.8494117647058823 0.03058823529411765 0.06823529411764706 0.05176470588235294
0.14352941176470588 0.05176470588235294 0.6423529411764706 0.1623529411764706
0.06823529411764706 0.06588235294117648 0.05411764705882353 0.8117647058823529
0.13411764705882354 0.10352941176470588 0.7058823529411765 0.05647058823529412
MOTIF metacluster_1pattern_14
letter-probability matrix: alength= 4 w= 10 E= 0
0.3645083932853717 0.11990407673860912 0.3261390887290168 0.18944844124700239
0.5899280575539568 0.10311750599520383 0.07913669064748201 0.2278177458033573
0.8321342925659473 0.02158273381294964 0.06474820143884892 0.0815347721822542
0.8105515587529976 0.11031175059952038 0.011990407673860911 0.0671462829736211
0.8273381294964028 0.05515587529976019 0.02877697841726619 0.08872901678657075
0.17985611510791366 0.38609112709832133 0.03836930455635491 0.39568345323741005
0.9448441247002398 0.023980815347721823 0.014388489208633094 0.016786570743405275
0.18225419664268586 0.10311750599520383 0.5779376498800959 0.1366906474820144
0.09592326139088729 0.7410071942446043 0.026378896882494004 0.1366906474820144
0.31894484412470026 0.12709832134292565 0.3669064748201439 0.18705035971223022
MOTIF metacluster_1pattern_15
letter-probability matrix: alength= 4 w= 10 E= 0
0.5181598062953995 0.11138014527845036 0.19612590799031476 0.17433414043583534
0.6150121065375302 0.10653753026634383 0.05569007263922518 0.22276029055690072
0.7796610169491526 0.048426150121065374 0.07506053268765134 0.09685230024213075
0.5811138014527845 0.048426150121065374 0.002421307506053269 0.36803874092009686
0.7530266343825666 0.031476997578692496 0.11138014527845036 0.10411622276029056
0.024213075060532687 0.9346246973365617 0.004842615012106538 0.03631961259079903
0.8886198547215496 0.014527845036319613 0.08232445520581114 0.014527845036319613
0.053268765133171914 0.5835351089588378 0.029055690072639227 0.3341404358353511
0.3220338983050847 0.2106537530266344 0.14769975786924938 0.3196125907990315
0.2179176755447942 0.2179176755447942 0.16464891041162227 0.39951573849878935
MOTIF metacluster_1pattern_16
letter-probability matrix: alength= 4 w= 10 E= 0
0.2518703241895262 0.3915211970074813 0.06483790523690773 0.29177057356608477
0.16458852867830423 0.06483790523690773 0.6059850374064838 0.16458852867830423
0.38902743142144636 0.2942643391521197 0.04987531172069826 0.26683291770573564
0.7980049875311721 0.02743142144638404 0.09975062344139651 0.07481296758104738
0.0 0.9975062344139651 0.0 0.0024937655860349127
0.032418952618453865 0.0024937655860349127 0.9600997506234414 0.004987531172069825
0.12967581047381546 0.09725685785536159 0.06234413965087282 0.7107231920199502
0.2593516209476309 0.38902743142144636 0.16957605985037408 0.18204488778054864
0.3915211970074813 0.18204488778054864 0.2169576059850374 0.20947630922693267
0.28428927680798005 0.29925187032418954 0.20199501246882792 0.2144638403990025
MOTIF metacluster_1pattern_17
letter-probability matrix: alength= 4 w= 10 E= 0
0.4083333333333333 0.14722222222222223 0.3055555555555556 0.1388888888888889
0.5611111111111111 0.10833333333333334 0.09166666666666666 0.2388888888888889
0.6 0.11944444444444445 0.11944444444444445 0.16111111111111112
0.9305555555555556 0.022222222222222223 0.002777777777777778 0.044444444444444446
0.8361111111111111 0.030555555555555555 0.12777777777777777 0.005555555555555556
0.04722222222222222 0.9027777777777778 0.002777777777777778 0.04722222222222222
0.9611111111111111 0.013888888888888888 0.008333333333333333 0.016666666666666666
0.7833333333333333 0.08333333333333333 0.07777777777777778 0.05555555555555555
0.05277777777777778 0.875 0.002777777777777778 0.06944444444444445
0.5944444444444444 0.14166666666666666 0.15555555555555556 0.10833333333333334
MOTIF metacluster_1pattern_18
letter-probability matrix: alength= 4 w= 10 E= 0
0.3654485049833887 0.1362126245847176 0.20930232558139536 0.28903654485049834
0.06312292358803986 0.3953488372093023 0.4883720930232558 0.053156146179401995
0.3787375415282392 0.15282392026578073 0.10963455149501661 0.3588039867109635
0.22591362126245848 0.12624584717607973 0.11960132890365449 0.5282392026578073
0.006644518272425249 0.9867109634551495 0.006644518272425249 0.0
0.04318936877076412 0.132890365448505 0.37209302325581395 0.45182724252491696
0.14950166112956811 0.3222591362126246 0.0664451827242525 0.46179401993355484
0.029900332225913623 0.6877076411960132 0.21262458471760798 0.06976744186046512
0.21926910299003322 0.12624584717607973 0.42524916943521596 0.2292358803986711
0.43521594684385384 0.2425249169435216 0.10299003322259136 0.21926910299003322
MOTIF metacluster_1pattern_19
letter-probability matrix: alength= 4 w= 10 E= 0
0.531986531986532 0.2222222222222222 0.10101010101010101 0.1447811447811448
0.1111111111111111 0.7542087542087542 0.05723905723905724 0.07744107744107744
0.5993265993265994 0.16835016835016836 0.12121212121212122 0.1111111111111111
0.6632996632996633 0.05723905723905724 0.06734006734006734 0.21212121212121213
0.020202020202020204 0.9259259259259259 0.020202020202020204 0.03367003367003367
0.013468013468013467 0.026936026936026935 0.006734006734006734 0.9528619528619529
0.06734006734006734 0.006734006734006734 0.9124579124579124 0.013468013468013467
0.10774410774410774 0.09427609427609428 0.40404040404040403 0.3939393939393939
0.050505050505050504 0.0707070707070707 0.026936026936026935 0.8518518518518519
0.31313131313131315 0.13131313131313133 0.1414141414141414 0.41414141414141414
MOTIF metacluster_1pattern_20
letter-probability matrix: alength= 4 w= 10 E= 0
0.5302491103202847 0.1601423487544484 0.13523131672597866 0.17437722419928825
0.17437722419928825 0.7295373665480427 0.03202846975088968 0.06405693950177936
0.7793594306049823 0.021352313167259787 0.05693950177935943 0.1423487544483986
0.0 0.0035587188612099642 0.99644128113879 0.0
0.0 0.9395017793594306 0.010676156583629894 0.0498220640569395
0.017793594306049824 0.0071174377224199285 0.0 0.9750889679715302
0.20640569395017794 0.17793594306049823 0.03558718861209965 0.5800711743772242
0.10676156583629894 0.03202846975088968 0.19217081850533807 0.6690391459074733
0.09608540925266904 0.19217081850533807 0.1423487544483986 0.5693950177935944
0.27402135231316727 0.16370106761565836 0.17793594306049823 0.38434163701067614
MOTIF metacluster_1pattern_21
letter-probability matrix: alength= 4 w= 10 E= 0
0.4424778761061947 0.084070796460177 0.3805309734513274 0.09292035398230089
0.09734513274336283 0.07964601769911504 0.035398230088495575 0.7876106194690266
0.911504424778761 0.01327433628318584 0.035398230088495575 0.03982300884955752
0.11504424778761062 0.6814159292035398 0.004424778761061947 0.19911504424778761
0.7123893805309734 0.017699115044247787 0.23893805309734514 0.030973451327433628
0.07079646017699115 0.08849557522123894 0.004424778761061947 0.8362831858407079
0.9690265486725663 0.004424778761061947 0.01327433628318584 0.01327433628318584
0.035398230088495575 0.8628318584070797 0.02654867256637168 0.0752212389380531
0.5309734513274337 0.168141592920354 0.1592920353982301 0.1415929203539823
0.17256637168141592 0.08849557522123894 0.13274336283185842 0.6061946902654868
MOTIF metacluster_1pattern_22
letter-probability matrix: alength= 4 w= 10 E= 0
0.7050691244239631 0.059907834101382486 0.15668202764976957 0.07834101382488479
0.004608294930875576 0.9539170506912442 0.018433179723502304 0.02304147465437788
0.24423963133640553 0.18433179723502305 0.027649769585253458 0.543778801843318
0.12903225806451613 0.0 0.847926267281106 0.02304147465437788
0.08294930875576037 0.04608294930875576 0.8064516129032258 0.06451612903225806
0.018433179723502304 0.018433179723502304 0.004608294930875576 0.9585253456221198
0.37327188940092165 0.055299539170506916 0.3686635944700461 0.20276497695852536
0.12903225806451613 0.1336405529953917 0.12442396313364056 0.6129032258064516
0.1336405529953917 0.12903225806451613 0.1889400921658986 0.5483870967741935
0.24423963133640553 0.19815668202764977 0.2119815668202765 0.3456221198156682
MOTIF metacluster_1pattern_23
letter-probability matrix: alength= 4 w= 10 E= 0
0.33816425120772947 0.13526570048309178 0.28019323671497587 0.2463768115942029
0.14492753623188406 0.11594202898550725 0.5845410628019324 0.15458937198067632
0.15942028985507245 0.30917874396135264 0.14009661835748793 0.391304347826087
0.1111111111111111 0.7971014492753623 0.01932367149758454 0.07246376811594203
0.7632850241545893 0.03864734299516908 0.05314009661835749 0.14492753623188406
0.10144927536231885 0.0966183574879227 0.45410628019323673 0.34782608695652173
0.966183574879227 0.004830917874396135 0.00966183574879227 0.01932367149758454
0.004830917874396135 0.9806763285024155 0.00966183574879227 0.004830917874396135
0.028985507246376812 0.23671497584541062 0.04830917874396135 0.6859903381642513
0.10144927536231885 0.033816425120772944 0.8357487922705314 0.028985507246376812
MOTIF metacluster_2pattern_0
letter-probability matrix: alength= 4 w= 10 E= 0
0.2931909212283044 0.26408544726301736 0.2136181575433912 0.22910547396528705
0.30814419225634176 0.14499332443257676 0.2459279038718291 0.30093457943925234
0.1473965287049399 0.32229639519359143 0.18184245660881174 0.3484646194926569
0.33991989319092125 0.13137516688918557 0.3615487316421896 0.1671562082777036
0.027236315086782377 0.08437917222963952 0.08117489986648865 0.8072096128170895
0.001068090787716956 0.9797062750333778 0.014686248331108143 0.0045393858477970625
0.06755674232309747 0.8843791722296395 0.008811748998664886 0.03925233644859813
0.07209612817089453 0.03124165554072096 0.030707610146862484 0.865954606141522
0.06862483311081442 0.15647530040053403 0.29345794392523367 0.4814419225634179
0.12176234979973298 0.25260347129506006 0.31962616822429907 0.3060080106809079
MOTIF metacluster_2pattern_1
letter-probability matrix: alength= 4 w= 10 E= 0
0.22512234910277323 0.3262642740619902 0.29526916802610115 0.1533442088091354
0.3637846655791191 0.18433931484502447 0.22838499184339314 0.2234910277324633
0.2528548123980424 0.15497553017944535 0.18433931484502447 0.4078303425774878
0.026101141924959218 0.0016313213703099511 0.9608482871125612 0.011419249592169658
0.0 0.013050570962479609 0.9853181076672104 0.0016313213703099511
0.4061990212071778 0.4094616639477977 0.11092985318107668 0.0734094616639478
0.024469820554649267 0.9624796084828712 0.004893964110929853 0.008156606851549755
0.8743882544861338 0.03099510603588907 0.04730831973898858 0.04730831973898858
0.27895595432300163 0.0929853181076672 0.1468189233278956 0.4812398042414356
0.17944535073409462 0.15823817292006526 0.40456769983686786 0.25774877650897227
MOTIF metacluster_2pattern_2
letter-probability matrix: alength= 4 w= 10 E= 0
0.21987951807228914 0.3795180722891566 0.19578313253012047 0.20481927710843373
0.5240963855421686 0.22289156626506024 0.14457831325301204 0.10843373493975904
0.6746987951807228 0.14457831325301204 0.030120481927710843 0.15060240963855423
0.25301204819277107 0.04819277108433735 0.030120481927710843 0.6686746987951807
0.0 0.0 1.0 0.0
0.5662650602409639 0.21084337349397592 0.18072289156626506 0.04216867469879518
0.0030120481927710845 0.9849397590361446 0.006024096385542169 0.006024096385542169
0.891566265060241 0.02710843373493976 0.015060240963855422 0.06626506024096386
0.286144578313253 0.18674698795180722 0.18373493975903615 0.3433734939759036
0.18373493975903615 0.19578313253012047 0.21987951807228914 0.4006024096385542
MOTIF metacluster_2pattern_3
letter-probability matrix: alength= 4 w= 10 E= 0
0.1581196581196581 0.15384615384615385 0.038461538461538464 0.6495726495726496
0.1581196581196581 0.08547008547008547 0.01282051282051282 0.7435897435897436
0.05555555555555555 0.021367521367521368 0.008547008547008548 0.9145299145299145
0.004273504273504274 0.038461538461538464 0.021367521367521368 0.9358974358974359
0.021367521367521368 0.04700854700854701 0.008547008547008548 0.9230769230769231
0.04700854700854701 0.02564102564102564 0.038461538461538464 0.8888888888888888
0.017094017094017096 0.038461538461538464 0.017094017094017096 0.9273504273504274
0.017094017094017096 0.029914529914529916 0.04700854700854701 0.905982905982906
0.01282051282051282 0.038461538461538464 0.06837606837606838 0.8803418803418803
0.042735042735042736 0.029914529914529916 0.1282051282051282 0.7991452991452992
MOTIF metacluster_2pattern_4
letter-probability matrix: alength= 4 w= 10 E= 0
0.8691099476439791 0.031413612565445025 0.041884816753926704 0.05759162303664921
0.5445026178010471 0.1256544502617801 0.041884816753926704 0.2879581151832461
0.06806282722513089 0.06806282722513089 0.020942408376963352 0.8429319371727748
0.07329842931937172 0.1256544502617801 0.09947643979057591 0.7015706806282722
0.08900523560209424 0.07853403141361257 0.07329842931937172 0.7591623036649214
0.14659685863874344 0.1256544502617801 0.31413612565445026 0.41361256544502617
0.2198952879581152 0.225130890052356 0.23036649214659685 0.32460732984293195
0.20418848167539266 0.28272251308900526 0.29842931937172773 0.21465968586387435
0.31413612565445026 0.16753926701570682 0.31413612565445026 0.20418848167539266
0.3089005235602094 0.3089005235602094 0.1518324607329843 0.23036649214659685
MOTIF metacluster_2pattern_5
letter-probability matrix: alength= 4 w= 10 E= 0
0.22289156626506024 0.14457831325301204 0.46987951807228917 0.16265060240963855
0.26506024096385544 0.1927710843373494 0.40963855421686746 0.13253012048192772
0.40963855421686746 0.18674698795180722 0.18674698795180722 0.21686746987951808
0.5783132530120482 0.09036144578313253 0.20481927710843373 0.12650602409638553
0.6325301204819277 0.12048192771084337 0.15060240963855423 0.0963855421686747
0.6506024096385542 0.03614457831325301 0.1746987951807229 0.13855421686746988
0.10240963855421686 0.024096385542168676 0.12650602409638553 0.7469879518072289
0.0 0.0 0.9939759036144579 0.006024096385542169
0.0 0.012048192771084338 0.9879518072289156 0.0
0.1927710843373494 0.26506024096385544 0.5 0.04216867469879518
MOTIF metacluster_2pattern_6
letter-probability matrix: alength= 4 w= 10 E= 0
0.532051282051282 0.28205128205128205 0.10897435897435898 0.07692307692307693
0.4551282051282051 0.22435897435897437 0.07051282051282051 0.25
0.08333333333333333 0.07051282051282051 0.02564102564102564 0.8205128205128205
0.05128205128205128 0.01282051282051282 0.0641025641025641 0.8717948717948718
0.02564102564102564 0.0641025641025641 0.03205128205128205 0.8782051282051282
0.1987179487179487 0.14743589743589744 0.17307692307692307 0.4807692307692308
0.038461538461538464 0.00641025641025641 0.07051282051282051 0.8846153846153846
0.02564102564102564 0.0 0.9551282051282052 0.019230769230769232
0.0641025641025641 0.23076923076923078 0.5256410256410257 0.1794871794871795
0.10256410256410256 0.6987179487179487 0.16025641025641027 0.038461538461538464
MOTIF metacluster_2pattern_7
letter-probability matrix: alength= 4 w= 10 E= 0
0.45925925925925926 0.22962962962962963 0.14074074074074075 0.17037037037037037
0.37777777777777777 0.1925925925925926 0.1037037037037037 0.32592592592592595
0.18518518518518517 0.23703703703703705 0.08148148148148149 0.4962962962962963
0.037037037037037035 0.06666666666666667 0.007407407407407408 0.8888888888888888
0.037037037037037035 0.0 0.05185185185185185 0.9111111111111111
0.2 0.0962962962962963 0.2074074074074074 0.4962962962962963
0.8222222222222222 0.007407407407407408 0.05185185185185185 0.11851851851851852
0.06666666666666667 0.0 0.05185185185185185 0.8814814814814815
0.05925925925925926 0.08888888888888889 0.7407407407407407 0.1111111111111111
0.2074074074074074 0.4888888888888889 0.08888888888888889 0.21481481481481482
MOTIF metacluster_2pattern_8
letter-probability matrix: alength= 4 w= 10 E= 0
0.5882352941176471 0.14705882352941177 0.16666666666666666 0.09803921568627451
0.29411764705882354 0.11764705882352941 0.0784313725490196 0.5098039215686274
0.17647058823529413 0.10784313725490197 0.06862745098039216 0.6470588235294118
0.0392156862745098 0.06862745098039216 0.0196078431372549 0.8725490196078431
0.058823529411764705 0.0392156862745098 0.058823529411764705 0.8431372549019608
0.0392156862745098 0.0196078431372549 0.029411764705882353 0.9117647058823529
0.0392156862745098 0.029411764705882353 0.7843137254901961 0.14705882352941177
0.16666666666666666 0.20588235294117646 0.3137254901960784 0.3137254901960784
0.0196078431372549 0.7156862745098039 0.24509803921568626 0.0196078431372549
0.2549019607843137 0.5588235294117647 0.00980392156862745 0.17647058823529413
MOTIF metacluster_2pattern_9
letter-probability matrix: alength= 4 w= 10 E= 0
0.03636363636363636 0.8909090909090909 0.0 0.07272727272727272
0.38181818181818183 0.2 0.0 0.41818181818181815
0.0 0.03636363636363636 0.0 0.9636363636363636
0.01818181818181818 0.0 0.0 0.9818181818181818
0.05454545454545454 0.0 0.01818181818181818 0.9272727272727272
0.03636363636363636 0.03636363636363636 0.0 0.9272727272727272
0.0 0.01818181818181818 0.2727272727272727 0.7090909090909091
0.05454545454545454 0.16363636363636364 0.21818181818181817 0.5636363636363636
0.09090909090909091 0.14545454545454545 0.6 0.16363636363636364
0.07272727272727272 0.5818181818181818 0.14545454545454545 0.2
MOTIF metacluster_3pattern_0
letter-probability matrix: alength= 4 w= 10 E= 0
0.30313588850174217 0.2415795586527294 0.16492450638792103 0.29036004645760743
0.3519163763066202 0.13356562137049943 0.33914053426248547 0.1753774680603949
0.24738675958188153 0.07781649245063879 0.12775842044134728 0.5470383275261324
0.019744483159117306 0.015098722415795587 0.9326364692218351 0.032520325203252036
0.005807200929152149 0.9802555168408827 0.005807200929152149 0.008130081300813009
0.645760743321719 0.09291521486643438 0.08478513356562137 0.1765389082462253
0.006968641114982578 0.9500580720092915 0.008130081300813009 0.03484320557491289
0.5993031358885017 0.06736353077816493 0.11382113821138211 0.21951219512195122
0.1718931475029036 0.3159117305458769 0.11614401858304298 0.39605110336817656
0.3252032520325203 0.15563298490127758 0.23925667828106853 0.27990708478513354
MOTIF metacluster_3pattern_1
letter-probability matrix: alength= 4 w= 10 E= 0
0.2709832134292566 0.3657074340527578 0.1906474820143885 0.17266187050359713
0.44964028776978415 0.18585131894484413 0.18465227817745802 0.17985611510791366
0.14268585131894485 0.44844124700239807 0.19664268585131894 0.21223021582733814
0.3213429256594724 0.26498800959232616 0.2853717026378897 0.12829736211031176
0.047961630695443645 0.8752997601918465 0.022781774580335732 0.0539568345323741
0.8189448441247003 0.06954436450839328 0.05635491606714628 0.05515587529976019
0.02038369304556355 0.9052757793764988 0.03117505995203837 0.04316546762589928
0.7182254196642686 0.16546762589928057 0.046762589928057555 0.06954436450839328
0.039568345323741004 0.8597122302158273 0.03117505995203837 0.06954436450839328
0.7565947242206235 0.04196642685851319 0.08513189448441247 0.11630695443645084
MOTIF metacluster_3pattern_2
letter-probability matrix: alength= 4 w= 10 E= 0
0.18041237113402062 0.5257731958762887 0.1134020618556701 0.18041237113402062
0.29896907216494845 0.422680412371134 0.11855670103092783 0.15979381443298968
0.2268041237113402 0.47164948453608246 0.12628865979381443 0.17525773195876287
0.3865979381443299 0.25 0.2912371134020619 0.07216494845360824
0.015463917525773196 0.9536082474226805 0.005154639175257732 0.02577319587628866
0.5283505154639175 0.3402061855670103 0.0979381443298969 0.03350515463917526
0.6932989690721649 0.07216494845360824 0.17783505154639176 0.05670103092783505
0.020618556701030927 0.9381443298969072 0.005154639175257732 0.03608247422680412
0.05412371134020619 0.8994845360824743 0.020618556701030927 0.02577319587628866
0.19072164948453607 0.5850515463917526 0.04896907216494845 0.17525773195876287
MOTIF metacluster_3pattern_3
letter-probability matrix: alength= 4 w= 10 E= 0
0.15822784810126583 0.5886075949367089 0.10759493670886076 0.14556962025316456
0.2974683544303797 0.25949367088607594 0.27848101265822783 0.16455696202531644
0.2879746835443038 0.07278481012658228 0.24050632911392406 0.3987341772151899
0.0 0.9936708860759493 0.0 0.006329113924050633
0.370253164556962 0.056962025316455694 0.5632911392405063 0.00949367088607595
0.2848101265822785 0.08227848101265822 0.09177215189873418 0.5411392405063291
0.00949367088607595 0.9525316455696202 0.022151898734177215 0.015822784810126583
0.39556962025316456 0.17721518987341772 0.3924050632911392 0.03481012658227848
0.1930379746835443 0.10759493670886076 0.04430379746835443 0.6550632911392406
0.0759493670886076 0.5981012658227848 0.1550632911392405 0.17088607594936708
MOTIF metacluster_3pattern_4
letter-probability matrix: alength= 4 w= 10 E= 0
0.42258064516129035 0.3161290322580645 0.11612903225806452 0.14516129032258066
0.22903225806451613 0.49032258064516127 0.12580645161290321 0.15483870967741936
0.12258064516129032 0.667741935483871 0.10967741935483871 0.1
0.04516129032258064 0.9096774193548387 0.00967741935483871 0.035483870967741936
0.8387096774193549 0.06451612903225806 0.06774193548387097 0.02903225806451613
0.012903225806451613 0.9419354838709677 0.03225806451612903 0.012903225806451613
0.041935483870967745 0.9161290322580645 0.01935483870967742 0.02258064516129032
0.08387096774193549 0.8354838709677419 0.02258064516129032 0.05806451612903226
0.5129032258064516 0.2838709677419355 0.06774193548387097 0.13548387096774195
0.16129032258064516 0.535483870967742 0.08709677419354839 0.2161290322580645
MOTIF metacluster_3pattern_5
letter-probability matrix: alength= 4 w= 10 E= 0
0.2777777777777778 0.14814814814814814 0.22592592592592592 0.34814814814814815
0.1814814814814815 0.05555555555555555 0.17037037037037037 0.5925925925925926
0.02962962962962963 0.0 0.9111111111111111 0.05925925925925926
0.0 0.9740740740740741 0.003703703703703704 0.022222222222222223
0.7666666666666667 0.04814814814814815 0.025925925925925925 0.15925925925925927
0.03333333333333333 0.011111111111111112 0.06666666666666667 0.8888888888888888
0.24074074074074073 0.014814814814814815 0.29259259259259257 0.45185185185185184
0.011111111111111112 0.774074074074074 0.03333333333333333 0.1814814814814815
0.37777777777777777 0.15185185185185185 0.12962962962962962 0.34074074074074073
0.18518518518518517 0.25555555555555554 0.2037037037037037 0.35555555555555557
MOTIF metacluster_3pattern_6
letter-probability matrix: alength= 4 w= 10 E= 0
0.4472573839662447 0.1729957805907173 0.14345991561181434 0.23628691983122363
0.1350210970464135 0.39662447257383965 0.1350210970464135 0.3333333333333333
0.4219409282700422 0.25738396624472576 0.20253164556962025 0.11814345991561181
0.012658227848101266 0.919831223628692 0.02109704641350211 0.046413502109704644
0.9156118143459916 0.02109704641350211 0.029535864978902954 0.03375527426160337
0.012658227848101266 0.9789029535864979 0.0 0.008438818565400843
0.8776371308016878 0.02109704641350211 0.05485232067510549 0.046413502109704644
0.0759493670886076 0.10548523206751055 0.0759493670886076 0.7426160337552743
0.4219409282700422 0.0970464135021097 0.1940928270042194 0.2869198312236287
0.02531645569620253 0.70042194092827 0.06751054852320675 0.20675105485232068
MOTIF metacluster_3pattern_7
letter-probability matrix: alength= 4 w= 10 E= 0
0.41025641025641024 0.10683760683760683 0.21367521367521367 0.2692307692307692
0.11965811965811966 0.1282051282051282 0.08974358974358974 0.6623931623931624
0.07692307692307693 0.004273504273504274 0.8717948717948718 0.04700854700854701
0.0 0.9957264957264957 0.0 0.004273504273504274
0.7521367521367521 0.06837606837606838 0.02564102564102564 0.15384615384615385
0.03418803418803419 0.4829059829059829 0.0811965811965812 0.4017094017094017
0.3803418803418803 0.13675213675213677 0.13675213675213677 0.34615384615384615
0.09401709401709402 0.20085470085470086 0.15384615384615385 0.5512820512820513
0.21794871794871795 0.017094017094017096 0.6752136752136753 0.08974358974358974
0.004273504273504274 0.9829059829059829 0.004273504273504274 0.008547008547008548
MOTIF metacluster_3pattern_8
letter-probability matrix: alength= 4 w= 10 E= 0
0.21495327102803738 0.19158878504672897 0.4532710280373832 0.14018691588785046
0.37383177570093457 0.17757009345794392 0.2803738317757009 0.16822429906542055
0.8177570093457944 0.03271028037383177 0.0794392523364486 0.07009345794392523
0.7663551401869159 0.13551401869158877 0.037383177570093455 0.06074766355140187
0.9579439252336449 0.009345794392523364 0.014018691588785047 0.018691588785046728
0.4158878504672897 0.22897196261682243 0.02336448598130841 0.3317757009345794
0.883177570093458 0.04205607476635514 0.028037383177570093 0.04672897196261682
0.2616822429906542 0.4532710280373832 0.10747663551401869 0.17757009345794392
0.7009345794392523 0.11214953271028037 0.07476635514018691 0.11214953271028037
0.26635514018691586 0.3317757009345794 0.17289719626168223 0.22897196261682243
MOTIF metacluster_3pattern_9
letter-probability matrix: alength= 4 w= 10 E= 0
0.2975609756097561 0.11707317073170732 0.24390243902439024 0.34146341463414637
0.06829268292682927 0.11219512195121951 0.23414634146341465 0.5853658536585366
0.014634146341463415 0.004878048780487805 0.9365853658536586 0.04390243902439024
0.0 1.0 0.0 0.0
0.8439024390243902 0.04878048780487805 0.014634146341463415 0.09268292682926829
0.07804878048780488 0.40487804878048783 0.00975609756097561 0.5073170731707317
0.36097560975609755 0.024390243902439025 0.43902439024390244 0.17560975609756097
0.03902439024390244 0.16585365853658537 0.0975609756097561 0.697560975609756
0.06829268292682927 0.09268292682926829 0.7853658536585366 0.05365853658536585
0.18048780487804877 0.22439024390243903 0.15121951219512195 0.44390243902439025
MOTIF metacluster_3pattern_10
letter-probability matrix: alength= 4 w= 10 E= 0
0.275 0.105 0.34 0.28
0.12 0.165 0.115 0.6
0.05 0.02 0.9 0.03
0.005 0.985 0.005 0.005
0.815 0.07 0.015 0.1
0.105 0.375 0.09 0.43
0.305 0.105 0.14 0.45
0.225 0.09 0.595 0.09
0.135 0.47 0.07 0.325
0.315 0.2 0.24 0.245
MOTIF metacluster_3pattern_11
letter-probability matrix: alength= 4 w= 10 E= 0
0.37435897435897436 0.26666666666666666 0.12307692307692308 0.2358974358974359
0.28205128205128205 0.22564102564102564 0.13846153846153847 0.35384615384615387
0.13333333333333333 0.14358974358974358 0.7025641025641025 0.020512820512820513
0.0 0.9897435897435898 0.0 0.010256410256410256
0.06153846153846154 0.882051282051282 0.035897435897435895 0.020512820512820513
0.035897435897435895 0.8102564102564103 0.020512820512820513 0.13333333333333333
0.14871794871794872 0.7743589743589744 0.020512820512820513 0.05641025641025641
0.15384615384615385 0.5948717948717949 0.05641025641025641 0.19487179487179487
0.1641025641025641 0.4564102564102564 0.06666666666666667 0.3128205128205128
0.3230769230769231 0.2205128205128205 0.20512820512820512 0.2512820512820513
MOTIF metacluster_3pattern_12
letter-probability matrix: alength= 4 w= 10 E= 0
0.2867647058823529 0.27205882352941174 0.04411764705882353 0.39705882352941174
0.058823529411764705 0.5 0.22058823529411764 0.22058823529411764
0.27205882352941174 0.16911764705882354 0.20588235294117646 0.35294117647058826
0.0 0.9852941176470589 0.0 0.014705882352941176
0.6617647058823529 0.029411764705882353 0.022058823529411766 0.2867647058823529
0.007352941176470588 0.875 0.10294117647058823 0.014705882352941176
0.375 0.022058823529411766 0.0661764705882353 0.5367647058823529
0.07352941176470588 0.5514705882352942 0.3014705882352941 0.07352941176470588
0.47794117647058826 0.051470588235294115 0.08823529411764706 0.38235294117647056
0.13970588235294118 0.3014705882352941 0.22794117647058823 0.33088235294117646
MOTIF metacluster_3pattern_13
letter-probability matrix: alength= 4 w= 10 E= 0
0.1889763779527559 0.07874015748031496 0.18110236220472442 0.5511811023622047
0.2755905511811024 0.07874015748031496 0.13385826771653545 0.5118110236220472
0.6850393700787402 0.0 0.06299212598425197 0.25196850393700787
0.889763779527559 0.03937007874015748 0.0 0.07086614173228346
0.9291338582677166 0.007874015748031496 0.015748031496062992 0.047244094488188976
0.5275590551181102 0.031496062992125984 0.007874015748031496 0.4330708661417323
0.49606299212598426 0.06299212598425197 0.023622047244094488 0.41732283464566927
0.3464566929133858 0.15748031496062992 0.07086614173228346 0.4251968503937008
0.4566929133858268 0.06299212598425197 0.15748031496062992 0.3228346456692913
0.25196850393700787 0.25196850393700787 0.07874015748031496 0.41732283464566927
MOTIF metacluster_3pattern_14
letter-probability matrix: alength= 4 w= 10 E= 0
0.22033898305084745 0.1016949152542373 0.5084745762711864 0.1694915254237288
0.3898305084745763 0.1271186440677966 0.3728813559322034 0.11016949152542373
0.7966101694915254 0.11016949152542373 0.07627118644067797 0.01694915254237288
0.940677966101695 0.01694915254237288 0.00847457627118644 0.03389830508474576
0.788135593220339 0.05084745762711865 0.11016949152542373 0.05084745762711865
0.5338983050847458 0.01694915254237288 0.03389830508474576 0.4152542372881356
0.05084745762711865 0.07627118644067797 0.847457627118644 0.025423728813559324
0.23728813559322035 0.635593220338983 0.05084745762711865 0.07627118644067797
0.5423728813559322 0.1694915254237288 0.2288135593220339 0.059322033898305086
0.5084745762711864 0.2288135593220339 0.11864406779661017 0.1440677966101695
MOTIF metacluster_3pattern_15
letter-probability matrix: alength= 4 w= 10 E= 0
0.08547008547008547 0.23076923076923078 0.5982905982905983 0.08547008547008547
0.2905982905982906 0.21367521367521367 0.358974358974359 0.13675213675213677
0.27350427350427353 0.13675213675213677 0.15384615384615385 0.4358974358974359
0.03418803418803419 0.8461538461538461 0.09401709401709402 0.02564102564102564
0.21367521367521367 0.38461538461538464 0.26495726495726496 0.13675213675213677
0.06837606837606838 0.05982905982905983 0.008547008547008548 0.8632478632478633
0.017094017094017096 0.905982905982906 0.06837606837606838 0.008547008547008548
0.10256410256410256 0.5982905982905983 0.24786324786324787 0.05128205128205128
0.4017094017094017 0.02564102564102564 0.1111111111111111 0.46153846153846156
0.09401709401709402 0.19658119658119658 0.48717948717948717 0.2222222222222222
MOTIF metacluster_3pattern_16
letter-probability matrix: alength= 4 w= 10 E= 0
0.16379310344827586 0.09482758620689655 0.646551724137931 0.09482758620689655
0.4051724137931034 0.25862068965517243 0.1810344827586207 0.15517241379310345
0.6206896551724138 0.04310344827586207 0.27586206896551724 0.0603448275862069
0.8706896551724138 0.07758620689655173 0.008620689655172414 0.04310344827586207
0.8448275862068966 0.07758620689655173 0.05172413793103448 0.02586206896551724
0.7672413793103449 0.09482758620689655 0.034482758620689655 0.10344827586206896
0.6982758620689655 0.11206896551724138 0.06896551724137931 0.1206896551724138
0.28448275862068967 0.3103448275862069 0.1206896551724138 0.28448275862068967
0.3793103448275862 0.1206896551724138 0.4827586206896552 0.017241379310344827
0.12931034482758622 0.6293103448275862 0.11206896551724138 0.12931034482758622
MOTIF metacluster_3pattern_17
letter-probability matrix: alength= 4 w= 10 E= 0
0.2982456140350877 0.09649122807017543 0.24561403508771928 0.35964912280701755
0.13157894736842105 0.06140350877192982 0.7719298245614035 0.03508771929824561
0.8157894736842105 0.09649122807017543 0.05263157894736842 0.03508771929824561
0.8947368421052632 0.008771929824561403 0.07017543859649122 0.02631578947368421
0.956140350877193 0.008771929824561403 0.0 0.03508771929824561
0.8157894736842105 0.06140350877192982 0.08771929824561403 0.03508771929824561
0.631578947368421 0.20175438596491227 0.14035087719298245 0.02631578947368421
0.14035087719298245 0.5 0.24561403508771928 0.11403508771929824
0.40350877192982454 0.3157894736842105 0.19298245614035087 0.08771929824561403
0.19298245614035087 0.34210526315789475 0.18421052631578946 0.2807017543859649
MOTIF metacluster_3pattern_18
letter-probability matrix: alength= 4 w= 10 E= 0
0.3008849557522124 0.22123893805309736 0.13274336283185842 0.34513274336283184
0.08849557522123894 0.3185840707964602 0.23008849557522124 0.36283185840707965
0.4778761061946903 0.07964601769911504 0.11504424778761062 0.3274336283185841
0.0 0.9646017699115044 0.0 0.035398230088495575
0.9469026548672567 0.017699115044247787 0.02654867256637168 0.008849557522123894
0.02654867256637168 0.02654867256637168 0.07964601769911504 0.8672566371681416
0.4424778761061947 0.02654867256637168 0.09734513274336283 0.4336283185840708
0.008849557522123894 0.9026548672566371 0.05309734513274336 0.035398230088495575
0.8407079646017699 0.017699115044247787 0.07079646017699115 0.07079646017699115
0.13274336283185842 0.17699115044247787 0.168141592920354 0.5221238938053098
MOTIF metacluster_3pattern_19
letter-probability matrix: alength= 4 w= 10 E= 0
0.24761904761904763 0.5523809523809524 0.08571428571428572 0.11428571428571428
0.11428571428571428 0.8 0.0380952380952381 0.047619047619047616
0.2857142857142857 0.4666666666666667 0.13333333333333333 0.11428571428571428
0.0 1.0 0.0 0.0
0.7047619047619048 0.12380952380952381 0.08571428571428572 0.08571428571428572
0.11428571428571428 0.2571428571428571 0.009523809523809525 0.6190476190476191
0.1523809523809524 0.6190476190476191 0.11428571428571428 0.11428571428571428
0.2761904761904762 0.4666666666666667 0.2 0.05714285714285714
0.08571428571428572 0.49523809523809526 0.05714285714285714 0.3619047619047619
0.2 0.45714285714285713 0.09523809523809523 0.24761904761904763
MOTIF metacluster_3pattern_20
letter-probability matrix: alength= 4 w= 10 E= 0
0.4264705882352941 0.1323529411764706 0.22058823529411764 0.22058823529411764
0.11764705882352941 0.27941176470588236 0.19117647058823528 0.4117647058823529
0.39705882352941174 0.17647058823529413 0.14705882352941177 0.27941176470588236
0.07352941176470588 0.29411764705882354 0.029411764705882353 0.6029411764705882
0.8676470588235294 0.014705882352941176 0.058823529411764705 0.058823529411764705
0.0 1.0 0.0 0.0
0.9117647058823529 0.04411764705882353 0.0 0.04411764705882353
0.11764705882352941 0.5735294117647058 0.07352941176470588 0.23529411764705882
0.38235294117647056 0.08823529411764706 0.04411764705882353 0.4852941176470588
0.08823529411764706 0.19117647058823528 0.5735294117647058 0.14705882352941177
MOTIF metacluster_3pattern_21
letter-probability matrix: alength= 4 w= 10 E= 0
0.125 0.2916666666666667 0.3958333333333333 0.1875
0.625 0.10416666666666667 0.20833333333333334 0.0625
0.875 0.0625 0.0 0.0625
0.8125 0.020833333333333332 0.020833333333333332 0.14583333333333334
0.9375 0.0 0.0 0.0625
0.5416666666666666 0.16666666666666666 0.020833333333333332 0.2708333333333333
0.16666666666666666 0.6666666666666666 0.020833333333333332 0.14583333333333334
0.3333333333333333 0.5 0.08333333333333333 0.08333333333333333
0.2916666666666667 0.20833333333333334 0.3333333333333333 0.16666666666666666
0.14583333333333334 0.3541666666666667 0.1875 0.3125
MOTIF metacluster_4pattern_0
letter-probability matrix: alength= 4 w= 10 E= 0
0.3288381742738589 0.19398340248962656 0.18568464730290457 0.29149377593361
0.4470954356846473 0.1400414937759336 0.20643153526970953 0.20643153526970953
0.17116182572614108 0.16804979253112035 0.1628630705394191 0.4979253112033195
0.002074688796680498 0.9896265560165975 0.002074688796680498 0.006224066390041493
0.007261410788381743 0.004149377593360996 0.9844398340248963 0.004149377593360996
0.5321576763485477 0.14107883817427386 0.13485477178423236 0.19190871369294607
0.06327800829875518 0.09336099585062241 0.07468879668049792 0.7686721991701245
0.6856846473029046 0.10995850622406639 0.05912863070539419 0.14522821576763487
0.3070539419087137 0.23132780082987553 0.237551867219917 0.22406639004149378
0.21265560165975103 0.2883817427385892 0.23651452282157676 0.262448132780083
MOTIF metacluster_4pattern_1
letter-probability matrix: alength= 4 w= 10 E= 0
0.6781609195402298 0.15708812260536398 0.09578544061302682 0.06896551724137931
0.4099616858237548 0.18007662835249041 0.2260536398467433 0.1839080459770115
0.019157088122605363 0.9272030651340997 0.022988505747126436 0.03065134099616858
0.8735632183908046 0.03065134099616858 0.04597701149425287 0.04980842911877394
0.0421455938697318 0.02681992337164751 0.896551724137931 0.034482758620689655
0.01532567049808429 0.9272030651340997 0.019157088122605363 0.038314176245210725
0.01532567049808429 0.038314176245210725 0.038314176245210725 0.9080459770114943
0.05363984674329502 0.06513409961685823 0.789272030651341 0.09195402298850575
0.21455938697318008 0.23371647509578544 0.3486590038314176 0.20306513409961685
0.22988505747126436 0.31800766283524906 0.1532567049808429 0.2988505747126437
MOTIF metacluster_4pattern_2
letter-probability matrix: alength= 4 w= 10 E= 0
0.15151515151515152 0.2909090909090909 0.37575757575757573 0.18181818181818182
0.23636363636363636 0.22424242424242424 0.24848484848484848 0.2909090909090909
0.14545454545454545 0.2606060606060606 0.17575757575757575 0.41818181818181815
0.06060606060606061 0.8303030303030303 0.04242424242424243 0.06666666666666667
0.3090909090909091 0.006060606060606061 0.4484848484848485 0.23636363636363636
0.0 0.9757575757575757 0.01818181818181818 0.006060606060606061
0.07272727272727272 0.04242424242424243 0.006060606060606061 0.8787878787878788
0.030303030303030304 0.9454545454545454 0.006060606060606061 0.01818181818181818
0.05454545454545454 0.17575757575757575 0.10909090909090909 0.6606060606060606
0.17575757575757575 0.3151515151515151 0.3333333333333333 0.17575757575757575
MOTIF metacluster_4pattern_3
letter-probability matrix: alength= 4 w= 10 E= 0
0.12345679012345678 0.16049382716049382 0.6419753086419753 0.07407407407407407
0.043209876543209874 0.1111111111111111 0.7037037037037037 0.1419753086419753
0.012345679012345678 0.024691358024691357 0.0 0.9629629629629629
0.043209876543209874 0.8765432098765432 0.043209876543209874 0.037037037037037035
0.7407407407407407 0.030864197530864196 0.06172839506172839 0.16666666666666666
0.012345679012345678 0.9444444444444444 0.030864197530864196 0.012345679012345678
0.4567901234567901 0.08641975308641975 0.25308641975308643 0.2037037037037037
0.10493827160493827 0.5925925925925926 0.10493827160493827 0.19753086419753085
0.12345679012345678 0.24074074074074073 0.2037037037037037 0.43209876543209874
0.19753086419753085 0.2222222222222222 0.32098765432098764 0.25925925925925924
MOTIF metacluster_4pattern_4
letter-probability matrix: alength= 4 w= 10 E= 0
0.15584415584415584 0.14285714285714285 0.4935064935064935 0.2077922077922078
0.16883116883116883 0.17532467532467533 0.42207792207792205 0.23376623376623376
0.18181818181818182 0.3116883116883117 0.15584415584415584 0.35064935064935066
0.2662337662337662 0.564935064935065 0.032467532467532464 0.13636363636363635
0.45454545454545453 0.06493506493506493 0.3051948051948052 0.17532467532467533
0.025974025974025976 0.922077922077922 0.045454545454545456 0.006493506493506494
0.8311688311688312 0.032467532467532464 0.05194805194805195 0.08441558441558442
0.0 0.961038961038961 0.03896103896103896 0.0
0.05194805194805195 0.11688311688311688 0.01948051948051948 0.8116883116883117
0.19480519480519481 0.11688311688311688 0.551948051948052 0.13636363636363635
MOTIF metacluster_4pattern_5
letter-probability matrix: alength= 4 w= 10 E= 0
0.3680555555555556 0.09722222222222222 0.3194444444444444 0.2152777777777778
0.4097222222222222 0.1388888888888889 0.24305555555555555 0.20833333333333334
0.5486111111111112 0.1388888888888889 0.125 0.1875
0.8055555555555556 0.06944444444444445 0.006944444444444444 0.11805555555555555
0.8263888888888888 0.034722222222222224 0.08333333333333333 0.05555555555555555
0.08333333333333333 0.4166666666666667 0.027777777777777776 0.4722222222222222
0.9444444444444444 0.0 0.0 0.05555555555555555
0.0625 0.9097222222222222 0.006944444444444444 0.020833333333333332
0.1388888888888889 0.4236111111111111 0.0625 0.375
0.3263888888888889 0.1388888888888889 0.2569444444444444 0.2777777777777778
MOTIF metacluster_4pattern_6
letter-probability matrix: alength= 4 w= 10 E= 0
0.2032520325203252 0.17073170731707318 0.4715447154471545 0.15447154471544716
0.36585365853658536 0.21138211382113822 0.16260162601626016 0.2601626016260163
0.17886178861788618 0.44715447154471544 0.14634146341463414 0.22764227642276422
0.926829268292683 0.04065040650406504 0.016260162601626018 0.016260162601626018
0.12195121951219512 0.056910569105691054 0.8048780487804879 0.016260162601626018
0.0 1.0 0.0 0.0
0.25203252032520324 0.08943089430894309 0.10569105691056911 0.5528455284552846
0.04065040650406504 0.056910569105691054 0.8861788617886179 0.016260162601626018
0.06504065040650407 0.18699186991869918 0.10569105691056911 0.6422764227642277
0.14634146341463414 0.12195121951219512 0.3170731707317073 0.4146341463414634
MOTIF metacluster_4pattern_7
letter-probability matrix: alength= 4 w= 10 E= 0
0.21495327102803738 0.21495327102803738 0.2803738317757009 0.2897196261682243
0.19626168224299065 0.35514018691588783 0.2336448598130841 0.21495327102803738
0.17757009345794392 0.14953271028037382 0.17757009345794392 0.4953271028037383
0.09345794392523364 0.6355140186915887 0.11214953271028037 0.1588785046728972
0.1588785046728972 0.11214953271028037 0.3925233644859813 0.3364485981308411
0.018691588785046728 0.9719626168224299 0.009345794392523364 0.0
0.09345794392523364 0.018691588785046728 0.8598130841121495 0.028037383177570093
0.056074766355140186 0.8411214953271028 0.037383177570093455 0.06542056074766354
0.04672897196261682 0.16822429906542055 0.21495327102803738 0.5700934579439252
0.21495327102803738 0.3177570093457944 0.308411214953271 0.1588785046728972
MOTIF metacluster_4pattern_8
letter-probability matrix: alength= 4 w= 10 E= 0
0.0970873786407767 0.18446601941747573 0.5922330097087378 0.1262135922330097
0.3883495145631068 0.1553398058252427 0.1650485436893204 0.2912621359223301
0.7378640776699029 0.009708737864077669 0.1941747572815534 0.05825242718446602
0.9611650485436893 0.0 0.0 0.038834951456310676
0.8737864077669902 0.009708737864077669 0.04854368932038835 0.06796116504854369
0.0 0.8155339805825242 0.019417475728155338 0.1650485436893204
0.7087378640776699 0.02912621359223301 0.06796116504854369 0.1941747572815534
0.8155339805825242 0.02912621359223301 0.10679611650485436 0.04854368932038835
0.5145631067961165 0.1650485436893204 0.1650485436893204 0.1553398058252427
0.3106796116504854 0.33980582524271846 0.02912621359223301 0.32038834951456313
MOTIF metacluster_4pattern_9
letter-probability matrix: alength= 4 w= 10 E= 0
0.3163265306122449 0.37755102040816324 0.20408163265306123 0.10204081632653061
0.32653061224489793 0.4387755102040816 0.11224489795918367 0.12244897959183673
0.2857142857142857 0.3877551020408163 0.14285714285714285 0.1836734693877551
0.6428571428571429 0.16326530612244897 0.11224489795918367 0.08163265306122448
0.6224489795918368 0.030612244897959183 0.22448979591836735 0.12244897959183673
0.0 0.9795918367346939 0.01020408163265306 0.01020408163265306
0.030612244897959183 0.09183673469387756 0.02040816326530612 0.8571428571428571
0.05102040816326531 0.0 0.9285714285714286 0.02040816326530612
0.3163265306122449 0.09183673469387756 0.32653061224489793 0.2653061224489796
0.07142857142857142 0.04081632653061224 0.04081632653061224 0.8469387755102041
MOTIF metacluster_4pattern_10
letter-probability matrix: alength= 4 w= 10 E= 0
0.44680851063829785 0.0851063829787234 0.30851063829787234 0.1595744680851064
0.3191489361702128 0.10638297872340426 0.35106382978723405 0.22340425531914893
0.20212765957446807 0.05319148936170213 0.1276595744680851 0.6170212765957447
0.5425531914893617 0.07446808510638298 0.02127659574468085 0.3617021276595745
0.9042553191489362 0.031914893617021274 0.05319148936170213 0.010638297872340425
0.010638297872340425 0.9468085106382979 0.0425531914893617 0.0
0.5212765957446809 0.06382978723404255 0.13829787234042554 0.2765957446808511
0.2978723404255319 0.13829787234042554 0.2765957446808511 0.2872340425531915
0.20212765957446807 0.18085106382978725 0.11702127659574468 0.5
0.425531914893617 0.11702127659574468 0.2127659574468085 0.24468085106382978
MOTIF metacluster_4pattern_11
letter-probability matrix: alength= 4 w= 10 E= 0
0.30952380952380953 0.3333333333333333 0.21428571428571427 0.14285714285714285
0.6785714285714286 0.047619047619047616 0.10714285714285714 0.16666666666666666
0.5357142857142857 0.09523809523809523 0.03571428571428571 0.3333333333333333
0.9880952380952381 0.011904761904761904 0.0 0.0
0.9047619047619048 0.03571428571428571 0.047619047619047616 0.011904761904761904
0.0 0.9761904761904762 0.0 0.023809523809523808
0.8214285714285714 0.07142857142857142 0.05952380952380952 0.047619047619047616
0.7142857142857143 0.09523809523809523 0.05952380952380952 0.13095238095238096
0.35714285714285715 0.09523809523809523 0.20238095238095238 0.34523809523809523
0.15476190476190477 0.023809523809523808 0.25 0.5714285714285714
MOTIF metacluster_4pattern_12
letter-probability matrix: alength= 4 w= 10 E= 0
0.38461538461538464 0.38461538461538464 0.08974358974358974 0.14102564102564102
0.6282051282051282 0.08974358974358974 0.08974358974358974 0.19230769230769232
0.10256410256410256 0.717948717948718 0.11538461538461539 0.0641025641025641
0.9871794871794872 0.0 0.01282051282051282 0.0
0.01282051282051282 0.782051282051282 0.0641025641025641 0.14102564102564102
0.05128205128205128 0.8461538461538461 0.01282051282051282 0.08974358974358974
0.11538461538461539 0.01282051282051282 0.10256410256410256 0.7692307692307693
0.01282051282051282 0.02564102564102564 0.9487179487179487 0.01282051282051282
0.2692307692307692 0.1282051282051282 0.2692307692307692 0.3333333333333333
0.05128205128205128 0.2564102564102564 0.1794871794871795 0.5128205128205128
MOTIF metacluster_4pattern_13
letter-probability matrix: alength= 4 w= 10 E= 0
0.868421052631579 0.039473684210526314 0.02631578947368421 0.06578947368421052
0.6973684210526315 0.10526315789473684 0.14473684210526316 0.05263157894736842
0.0 1.0 0.0 0.0
0.7894736842105263 0.013157894736842105 0.17105263157894737 0.02631578947368421
0.3684210526315789 0.05263157894736842 0.4342105263157895 0.14473684210526316
0.09210526315789473 0.3026315789473684 0.39473684210526316 0.21052631578947367
0.013157894736842105 0.02631578947368421 0.013157894736842105 0.9473684210526315
0.05263157894736842 0.013157894736842105 0.9210526315789473 0.013157894736842105
0.34210526315789475 0.2236842105263158 0.05263157894736842 0.3815789473684211
0.15789473684210525 0.13157894736842105 0.19736842105263158 0.5131578947368421
MOTIF metacluster_4pattern_14
letter-probability matrix: alength= 4 w= 10 E= 0
0.5555555555555556 0.1388888888888889 0.06944444444444445 0.2361111111111111
0.4861111111111111 0.2638888888888889 0.1111111111111111 0.1388888888888889
0.125 0.013888888888888888 0.2222222222222222 0.6388888888888888
0.9861111111111112 0.0 0.0 0.013888888888888888
0.4027777777777778 0.4166666666666667 0.1388888888888889 0.041666666666666664
0.041666666666666664 0.7777777777777778 0.027777777777777776 0.1527777777777778
0.6944444444444444 0.027777777777777776 0.08333333333333333 0.19444444444444445
0.7222222222222222 0.0 0.09722222222222222 0.18055555555555555
0.2916666666666667 0.1527777777777778 0.2638888888888889 0.2916666666666667
0.2638888888888889 0.20833333333333334 0.1111111111111111 0.4166666666666667
MOTIF metacluster_4pattern_15
letter-probability matrix: alength= 4 w= 10 E= 0
0.36363636363636365 0.18181818181818182 0.18181818181818182 0.2727272727272727
0.45454545454545453 0.10909090909090909 0.12727272727272726 0.3090909090909091
0.5636363636363636 0.05454545454545454 0.10909090909090909 0.2727272727272727
0.8181818181818182 0.0 0.03636363636363636 0.14545454545454545
0.5272727272727272 0.2727272727272727 0.10909090909090909 0.09090909090909091
0.05454545454545454 0.43636363636363634 0.03636363636363636 0.4727272727272727
0.9818181818181818 0.0 0.0 0.01818181818181818
0.05454545454545454 0.03636363636363636 0.8909090909090909 0.01818181818181818
0.10909090909090909 0.36363636363636365 0.03636363636363636 0.4909090909090909
0.2545454545454545 0.2 0.2 0.34545454545454546
MOTIF metacluster_4pattern_16
letter-probability matrix: alength= 4 w= 10 E= 0
0.4489795918367347 0.16326530612244897 0.2653061224489796 0.12244897959183673
0.5714285714285714 0.061224489795918366 0.12244897959183673 0.24489795918367346
0.32653061224489793 0.12244897959183673 0.24489795918367346 0.30612244897959184
0.9183673469387755 0.02040816326530612 0.02040816326530612 0.04081632653061224
0.8367346938775511 0.061224489795918366 0.10204081632653061 0.0
0.061224489795918366 0.8163265306122449 0.04081632653061224 0.08163265306122448
0.8979591836734694 0.02040816326530612 0.0 0.08163265306122448
0.8367346938775511 0.04081632653061224 0.04081632653061224 0.08163265306122448
0.0 0.8979591836734694 0.04081632653061224 0.061224489795918366
0.46938775510204084 0.061224489795918366 0.2857142857142857 0.1836734693877551
MOTIF metacluster_4pattern_17
letter-probability matrix: alength= 4 w= 10 E= 0
0.8378378378378378 0.08108108108108109 0.05405405405405406 0.02702702702702703
0.7027027027027027 0.02702702702702703 0.10810810810810811 0.16216216216216217
0.02702702702702703 0.972972972972973 0.0 0.0
1.0 0.0 0.0 0.0
0.24324324324324326 0.02702702702702703 0.7027027027027027 0.02702702702702703
0.0 1.0 0.0 0.0
0.6216216216216216 0.35135135135135137 0.02702702702702703 0.0
0.05405405405405406 0.0 0.8648648648648649 0.08108108108108109
0.2972972972972973 0.05405405405405406 0.32432432432432434 0.32432432432432434
0.02702702702702703 0.10810810810810811 0.13513513513513514 0.7297297297297297
MOTIF metacluster_5pattern_0
letter-probability matrix: alength= 4 w= 10 E= 0
0.17693836978131214 0.3518886679920477 0.3121272365805169 0.15904572564612326
0.378727634194831 0.1779324055666004 0.2664015904572565 0.17693836978131214
0.46520874751491054 0.08349900596421471 0.33101391650099404 0.12027833001988071
0.09343936381709742 0.7157057654075547 0.11232604373757456 0.07852882703777336
0.012922465208747515 0.002982107355864811 0.004970178926441352 0.9791252485089463
0.002982107355864811 0.9701789264413518 0.006958250497017893 0.019880715705765408
0.011928429423459244 0.9542743538767395 0.018886679920477135 0.014910536779324055
0.4393638170974155 0.12027833001988071 0.17594433399602386 0.2644135188866799
0.2216699801192843 0.21371769383697814 0.33399602385685884 0.23061630218687873
0.2554671968190855 0.28330019880715707 0.26938369781312127 0.1918489065606362
MOTIF metacluster_5pattern_1
letter-probability matrix: alength= 4 w= 10 E= 0
0.27522935779816515 0.21559633027522937 0.16819571865443425 0.3409785932721712
0.2981651376146789 0.19571865443425077 0.191131498470948 0.3149847094801223
0.3425076452599388 0.19418960244648317 0.17737003058103976 0.28593272171253825
0.16666666666666666 0.22324159021406728 0.12079510703363915 0.4892966360856269
0.23394495412844038 0.25688073394495414 0.1162079510703364 0.3929663608562691
0.9128440366972477 0.0045871559633027525 0.053516819571865444 0.0290519877675841
0.9755351681957186 0.0061162079510703364 0.00764525993883792 0.010703363914373088
0.18654434250764526 0.1559633027522936 0.17584097859327216 0.481651376146789
0.0290519877675841 0.04892966360856269 0.010703363914373088 0.9113149847094801
0.07951070336391437 0.14220183486238533 0.0764525993883792 0.7018348623853211
MOTIF metacluster_5pattern_2
letter-probability matrix: alength= 4 w= 10 E= 0
0.21153846153846154 0.25961538461538464 0.33653846153846156 0.19230769230769232
0.2419871794871795 0.32532051282051283 0.1346153846153846 0.2980769230769231
0.12980769230769232 0.0625 0.7419871794871795 0.06570512820512821
0.9118589743589743 0.016025641025641024 0.04326923076923077 0.028846153846153848
0.014423076923076924 0.019230769230769232 0.003205128205128205 0.9631410256410257
0.014423076923076924 0.9711538461538461 0.008012820512820512 0.00641025641025641
0.20833333333333334 0.3108974358974359 0.1907051282051282 0.2900641025641026
0.2548076923076923 0.15224358974358973 0.2676282051282051 0.32532051282051283
0.19230769230769232 0.3798076923076923 0.27724358974358976 0.15064102564102563
0.28044871794871795 0.1907051282051282 0.32211538461538464 0.20673076923076922
MOTIF metacluster_5pattern_3
letter-probability matrix: alength= 4 w= 10 E= 0
0.16304347826086957 0.41847826086956524 0.30978260869565216 0.10869565217391304
0.391304347826087 0.16304347826086957 0.2826086956521739 0.16304347826086957
0.4945652173913043 0.03804347826086957 0.18478260869565216 0.2826086956521739
0.005434782608695652 0.9836956521739131 0.005434782608695652 0.005434782608695652
0.005434782608695652 0.0 0.005434782608695652 0.9891304347826086
0.043478260869565216 0.021739130434782608 0.005434782608695652 0.9293478260869565
0.005434782608695652 0.9891304347826086 0.005434782608695652 0.0
0.28804347826086957 0.13043478260869565 0.08695652173913043 0.4945652173913043
0.2608695652173913 0.1358695652173913 0.2554347826086957 0.34782608695652173
0.16304347826086957 0.3423913043478261 0.3695652173913043 0.125
MOTIF metacluster_5pattern_4
letter-probability matrix: alength= 4 w= 10 E= 0
0.17045454545454544 0.4034090909090909 0.09090909090909091 0.3352272727272727
0.8068181818181818 0.03977272727272727 0.09659090909090909 0.056818181818181816
0.9431818181818182 0.005681818181818182 0.05113636363636364 0.0
0.017045454545454544 0.0 0.0 0.9829545454545454
0.028409090909090908 0.09090909090909091 0.0 0.8806818181818182
0.8181818181818182 0.011363636363636364 0.1534090909090909 0.017045454545454544
0.7954545454545454 0.03977272727272727 0.10227272727272728 0.0625
0.4375 0.13636363636363635 0.11931818181818182 0.3068181818181818
0.26704545454545453 0.1534090909090909 0.16477272727272727 0.4147727272727273
0.2556818181818182 0.17613636363636365 0.35795454545454547 0.21022727272727273
MOTIF metacluster_5pattern_5
letter-probability matrix: alength= 4 w= 10 E= 0
0.24806201550387597 0.20155038759689922 0.18604651162790697 0.3643410852713178
0.627906976744186 0.05426356589147287 0.07751937984496124 0.24031007751937986
0.8914728682170543 0.015503875968992248 0.05426356589147287 0.03875968992248062
0.05426356589147287 0.09302325581395349 0.08527131782945736 0.7674418604651163
0.015503875968992248 0.0 0.007751937984496124 0.9767441860465116
0.023255813953488372 0.06201550387596899 0.046511627906976744 0.8682170542635659
0.8604651162790697 0.03875968992248062 0.07751937984496124 0.023255813953488372
0.031007751937984496 0.031007751937984496 0.007751937984496124 0.9302325581395349
0.14728682170542637 0.10077519379844961 0.16279069767441862 0.5891472868217055
0.26356589147286824 0.16279069767441862 0.1937984496124031 0.3798449612403101
