MEME version 5
ALPHABET= ACGT
strands: +
Background letter frequencies
A 0.29 C 0.21 G 0.21 T 0.29
MOTIF metacluster_0pattern_0
letter-probability matrix: alength= 4 w= 10 E= 0
0.24402308326463315 0.2683429513602638 0.190436933223413 0.29719703215169
0.1718878812860676 0.06389117889530091 0.06100577081615829 0.7032151690024732
0.8252267106347898 0.03215169002473207 0.05688375927452597 0.08573784006595218
0.055647155812036275 0.10305028854080792 0.0845012366034625 0.7568013190436933
0.013190436933223413 0.9740313272877164 0.002061005770816158 0.010717230008244023
0.006595218466611707 0.0008244023083264633 0.9872217642209398 0.0053586150041220115
0.59439406430338 0.14962901896125308 0.11871393239901072 0.13726298433635614
0.19084913437757625 0.12654575432811213 0.0820280296784831 0.6005770816158286
0.34047815333882936 0.12283594394064304 0.1640560593569662 0.3726298433635614
0.27287716405605933 0.13066776586974443 0.3062654575432811 0.2901896125309151
MOTIF metacluster_0pattern_1
letter-probability matrix: alength= 4 w= 10 E= 0
0.31364349189754315 0.26136957658128596 0.14166231050705697 0.28332462101411393
0.4087820177731312 0.1620491374803973 0.1651855723993727 0.2639832723470988
0.5948771562990068 0.15838996340825928 0.0982749607945635 0.14845791949817042
0.5499215891270256 0.07318348144276006 0.18086774699424987 0.19602718243596445
0.013591217982226868 0.9618400418191323 0.01150026136957658 0.013068478829064296
0.8625196027182436 0.024046001045478306 0.041296393099843176 0.07213800313643493
0.03606900156821746 0.01986408782017773 0.9053842132775745 0.03868269733403032
0.10193413486670151 0.7684265551489806 0.03240982749607946 0.09722948248823837
0.030318870883429168 0.09147935180345008 0.028750653423941452 0.8494511238891793
0.1301620491374804 0.09879769994772608 0.6231050705697857 0.14793518034500783
MOTIF metacluster_0pattern_2
letter-probability matrix: alength= 4 w= 10 E= 0
0.09877264757451783 0.5669199298655757 0.09526592635885447 0.23904149620105203
0.1636469900642899 0.1016949152542373 0.13676212741087085 0.597895967270602
0.03623611922852133 0.847457627118644 0.026300409117475162 0.09000584453535944
0.14611338398597312 0.011689070718877849 0.08299240210403273 0.7592051431911163
0.015780245470485097 0.9473991817650497 0.01694915254237288 0.019871420222092345
0.16598480420806547 0.01694915254237288 0.07890122735242548 0.7381648158971362
0.04208065458796026 0.874926943308007 0.04500292226767972 0.03798947983635301
0.14436002337814144 0.04792518994739918 0.18877849210987727 0.6189362945645821
0.14611338398597312 0.342489772063121 0.18877849210987727 0.32261835184102866
0.17884278199883108 0.2074810052600818 0.19929865575686734 0.41437755698421974
MOTIF metacluster_0pattern_3
letter-probability matrix: alength= 4 w= 10 E= 0
0.3275862068965517 0.27478448275862066 0.1400862068965517 0.25754310344827586
0.23706896551724138 0.11314655172413793 0.4224137931034483 0.2273706896551724
0.2952586206896552 0.35560344827586204 0.10991379310344827 0.23922413793103448
0.18642241379310345 0.10883620689655173 0.5614224137931034 0.14331896551724138
0.30280172413793105 0.09698275862068965 0.18857758620689655 0.41163793103448276
0.3114224137931034 0.1584051724137931 0.3297413793103448 0.20043103448275862
0.4525862068965517 0.04310344827586207 0.2769396551724138 0.2273706896551724
0.0334051724137931 0.9224137931034483 0.0021551724137931034 0.04202586206896552
0.022629310344827586 0.007543103448275862 0.9579741379310345 0.011853448275862068
0.17780172413793102 0.4019396551724138 0.03556034482758621 0.38469827586206895
MOTIF metacluster_0pattern_4
letter-probability matrix: alength= 4 w= 10 E= 0
0.3068535825545171 0.24454828660436137 0.16043613707165108 0.2881619937694704
0.29283489096573206 0.17757009345794392 0.35202492211838005 0.17757009345794392
0.3426791277258567 0.0264797507788162 0.26791277258566976 0.3629283489096573
0.017133956386292833 0.9672897196261683 0.001557632398753894 0.014018691588785047
0.006230529595015576 0.001557632398753894 0.9890965732087228 0.003115264797507788
0.24766355140186916 0.17601246105919002 0.04205607476635514 0.5342679127725857
0.014018691588785047 0.940809968847352 0.006230529595015576 0.03894080996884735
0.08099688473520249 0.009345794392523364 0.8691588785046729 0.040498442367601244
0.27102803738317754 0.32398753894080995 0.19158878504672897 0.21339563862928349
0.16666666666666666 0.3302180685358255 0.17289719626168223 0.3302180685358255
MOTIF metacluster_0pattern_5
letter-probability matrix: alength= 4 w= 10 E= 0
0.13112164296998421 0.13902053712480253 0.37756714060031593 0.3522906793048973
0.13744075829383887 0.4707740916271722 0.11374407582938388 0.27804107424960506
0.009478672985781991 0.001579778830963665 0.981042654028436 0.007898894154818325
0.014218009478672985 0.9036334913112164 0.017377567140600316 0.06477093206951026
0.06951026856240126 0.004739336492890996 0.020537124802527645 0.9052132701421801
0.07582938388625593 0.7187993680884676 0.04107424960505529 0.16429699842022116
0.16113744075829384 0.001579778830963665 0.08214849921011058 0.7551342812006319
0.00631911532385466 0.9889415481832543 0.004739336492890996 0.0
0.2259083728278041 0.030015797788309637 0.33965244865718797 0.40442338072669826
0.2685624012638231 0.22906793048973143 0.23380726698262244 0.2685624012638231
MOTIF metacluster_0pattern_6
letter-probability matrix: alength= 4 w= 10 E= 0
0.4591503267973856 0.14052287581699346 0.1568627450980392 0.2434640522875817
0.553921568627451 0.14869281045751634 0.119281045751634 0.1781045751633987
0.8741830065359477 0.04084967320261438 0.03431372549019608 0.05065359477124183
0.7320261437908496 0.07026143790849673 0.10620915032679738 0.0915032679738562
0.05555555555555555 0.8643790849673203 0.008169934640522876 0.0718954248366013
0.8856209150326797 0.05065359477124183 0.017973856209150325 0.0457516339869281
0.09803921568627451 0.016339869281045753 0.8415032679738562 0.04411764705882353
0.119281045751634 0.7794117647058824 0.00980392156862745 0.0915032679738562
0.5147058823529411 0.0784313725490196 0.3284313725490196 0.0784313725490196
0.3006535947712418 0.2238562091503268 0.3300653594771242 0.1454248366013072
MOTIF metacluster_0pattern_7
letter-probability matrix: alength= 4 w= 10 E= 0
0.27408637873754155 0.19601328903654486 0.37375415282392027 0.15614617940199335
0.5481727574750831 0.10631229235880399 0.1345514950166113 0.21096345514950166
0.8073089700996677 0.03820598006644518 0.059800664451827246 0.0946843853820598
0.8803986710963455 0.024916943521594685 0.006644518272425249 0.08803986710963455
0.9501661129568106 0.009966777408637873 0.02159468438538206 0.018272425249169437
0.02159468438538206 0.9617940199335548 0.0 0.016611295681063124
0.867109634551495 0.059800664451827246 0.036544850498338874 0.036544850498338874
0.4950166112956811 0.14950166112956811 0.132890365448505 0.22259136212624583
0.42358803986710963 0.14119601328903655 0.1744186046511628 0.260797342192691
0.27740863787375414 0.1877076411960133 0.12292358803986711 0.4119601328903654
MOTIF metacluster_0pattern_8
letter-probability matrix: alength= 4 w= 10 E= 0
0.4044526901669759 0.04267161410018553 0.1261595547309833 0.4267161410018553
0.47866419294990725 0.05009276437847866 0.027829313543599257 0.44341372912801486
0.7996289424860853 0.0074211502782931356 0.016697588126159554 0.17625231910946196
0.9128014842300557 0.012987012987012988 0.0 0.07421150278293136
0.8478664192949907 0.02411873840445269 0.03339517625231911 0.09461966604823747
0.12430426716141002 0.3747680890538033 0.012987012987012988 0.48794063079777367
0.5380333951762524 0.07235621521335807 0.10204081632653061 0.287569573283859
0.3654916512059369 0.15769944341372913 0.14842300556586271 0.32838589981447125
0.3525046382189239 0.19109461966604824 0.17810760667903525 0.2782931354359926
0.2820037105751391 0.09833024118738404 0.137291280148423 0.48237476808905383
MOTIF metacluster_0pattern_9
letter-probability matrix: alength= 4 w= 10 E= 0
0.13320825515947468 0.0675422138836773 0.4446529080675422 0.3545966228893058
0.043151969981238276 0.8555347091932458 0.02626641651031895 0.075046904315197
0.08630393996247655 0.0 0.8555347091932458 0.058161350844277676
0.0375234521575985 0.8649155722326454 0.009380863039399626 0.08818011257035648
0.16135084427767354 0.0525328330206379 0.11444652908067542 0.6716697936210131
0.11632270168855535 0.6960600375234521 0.06191369606003752 0.12570356472795496
0.08067542213883677 0.016885553470919325 0.8705440900562852 0.03189493433395872
0.11444652908067542 0.6716697936210131 0.06378986866791744 0.150093808630394
0.1575984990619137 0.09380863039399624 0.2964352720450281 0.4521575984990619
0.26454033771106944 0.21200750469043153 0.23076923076923078 0.2926829268292683
MOTIF metacluster_0pattern_10
letter-probability matrix: alength= 4 w= 10 E= 0
0.2650375939849624 0.13345864661654136 0.30639097744360905 0.2951127819548872
0.3101503759398496 0.34774436090225563 0.09398496240601503 0.24812030075187969
0.3458646616541353 0.21804511278195488 0.07142857142857142 0.36466165413533835
0.5958646616541353 0.041353383458646614 0.07330827067669173 0.2894736842105263
0.02443609022556391 0.9041353383458647 0.016917293233082706 0.05451127819548872
0.9605263157894737 0.0018796992481203006 0.005639097744360902 0.03195488721804511
0.0037593984962406013 0.9755639097744361 0.015037593984962405 0.005639097744360902
0.15225563909774437 0.043233082706766915 0.05075187969924812 0.7537593984962406
0.06954887218045112 0.005639097744360902 0.881578947368421 0.043233082706766915
0.2424812030075188 0.13157894736842105 0.13721804511278196 0.48872180451127817
MOTIF metacluster_0pattern_11
letter-probability matrix: alength= 4 w= 10 E= 0
0.36257309941520466 0.15594541910331383 0.21442495126705652 0.26705653021442494
0.18323586744639375 0.3996101364522417 0.16569200779727095 0.25146198830409355
0.42884990253411304 0.08382066276803118 0.13255360623781676 0.35477582846003897
0.09161793372319688 0.695906432748538 0.011695906432748537 0.20077972709551656
0.8011695906432749 0.025341130604288498 0.07017543859649122 0.10331384015594541
0.021442495126705652 0.9395711500974658 0.01364522417153996 0.025341130604288498
0.8791423001949318 0.02729044834307992 0.03508771929824561 0.05847953216374269
0.01364522417153996 0.8869395711500975 0.031189083820662766 0.0682261208576998
0.25146198830409355 0.16569200779727095 0.04873294346978557 0.5341130604288499
0.20662768031189083 0.2807017543859649 0.13060428849902533 0.3820662768031189
MOTIF metacluster_0pattern_12
letter-probability matrix: alength= 4 w= 10 E= 0
0.12931034482758622 0.0625 0.4827586206896552 0.3254310344827586
0.08189655172413793 0.6573275862068966 0.04525862068965517 0.21551724137931033
0.01293103448275862 0.0 0.9806034482758621 0.00646551724137931
0.004310344827586207 0.9568965517241379 0.004310344827586207 0.034482758620689655
0.12931034482758622 0.00646551724137931 0.00646551724137931 0.8577586206896551
0.08189655172413793 0.7823275862068966 0.028017241379310345 0.10775862068965517
0.16594827586206898 0.017241379310344827 0.032327586206896554 0.7844827586206896
0.25 0.03017241379310345 0.27586206896551724 0.44396551724137934
0.21336206896551724 0.15301724137931033 0.20689655172413793 0.4267241379310345
0.15517241379310345 0.2952586206896552 0.1810344827586207 0.36853448275862066
MOTIF metacluster_0pattern_13
letter-probability matrix: alength= 4 w= 10 E= 0
0.23555555555555555 0.32222222222222224 0.1111111111111111 0.33111111111111113
0.3244444444444444 0.27555555555555555 0.08444444444444445 0.31555555555555553
0.10444444444444445 0.035555555555555556 0.7066666666666667 0.15333333333333332
0.011111111111111112 0.96 0.0044444444444444444 0.024444444444444446
0.6466666666666666 0.008888888888888889 0.12666666666666668 0.21777777777777776
0.006666666666666667 0.9333333333333333 0.011111111111111112 0.04888888888888889
0.03333333333333333 0.015555555555555555 0.017777777777777778 0.9333333333333333
0.015555555555555555 0.0044444444444444444 0.9622222222222222 0.017777777777777778
0.16444444444444445 0.17333333333333334 0.06222222222222222 0.6
0.18444444444444444 0.06666666666666667 0.13111111111111112 0.6177777777777778
MOTIF metacluster_0pattern_14
letter-probability matrix: alength= 4 w= 10 E= 0
0.3761904761904762 0.18571428571428572 0.17142857142857143 0.26666666666666666
0.38333333333333336 0.2357142857142857 0.1 0.28095238095238095
0.45476190476190476 0.04047619047619048 0.21428571428571427 0.2904761904761905
0.02619047619047619 0.9119047619047619 0.009523809523809525 0.05238095238095238
0.9261904761904762 0.007142857142857143 0.0380952380952381 0.02857142857142857
0.01904761904761905 0.8761904761904762 0.007142857142857143 0.09761904761904762
0.28809523809523807 0.21904761904761905 0.030952380952380953 0.46190476190476193
0.10714285714285714 0.11190476190476191 0.030952380952380953 0.75
0.02857142857142857 0.007142857142857143 0.9571428571428572 0.007142857142857143
0.12142857142857143 0.21666666666666667 0.047619047619047616 0.6142857142857143
MOTIF metacluster_0pattern_15
letter-probability matrix: alength= 4 w= 10 E= 0
0.1089588377723971 0.03631961259079903 0.5932203389830508 0.26150121065375304
0.012106537530266344 0.8958837772397095 0.031476997578692496 0.06053268765133172
0.06053268765133172 0.009685230024213076 0.864406779661017 0.06537530266343826
0.024213075060532687 0.9418886198547215 0.007263922518159807 0.026634382566585957
0.18886198547215496 0.012106537530266344 0.7627118644067796 0.03631961259079903
0.08232445520581114 0.6852300242130751 0.09685230024213075 0.13559322033898305
0.2857142857142857 0.06779661016949153 0.07263922518159806 0.5738498789346247
0.1234866828087167 0.5544794188861986 0.1016949152542373 0.22033898305084745
0.3220338983050847 0.12106537530266344 0.2929782082324455 0.2639225181598063
0.20823244552058112 0.23728813559322035 0.23728813559322035 0.3171912832929782
MOTIF metacluster_0pattern_16
letter-probability matrix: alength= 4 w= 10 E= 0
0.5641646489104116 0.17191283292978207 0.06779661016949153 0.19612590799031476
0.1162227602905569 0.04600484261501211 0.6610169491525424 0.17675544794188863
0.24455205811138014 0.6101694915254238 0.002421307506053269 0.14285714285714285
0.014527845036319613 0.004842615012106538 0.9709443099273608 0.009685230024213076
0.2009685230024213 0.7288135593220338 0.012106537530266344 0.05811138014527845
0.34624697336561744 0.21549636803874092 0.1694915254237288 0.2687651331719128
0.2639225181598063 0.1162227602905569 0.3898305084745763 0.23002421307506055
0.26150121065375304 0.4188861985472155 0.1162227602905569 0.2033898305084746
0.14769975786924938 0.026634382566585957 0.6852300242130751 0.14043583535108958
0.1791767554479419 0.6610169491525424 0.021791767554479417 0.13801452784503632
MOTIF metacluster_0pattern_17
letter-probability matrix: alength= 4 w= 10 E= 0
0.29198966408268734 0.12144702842377261 0.15762273901808785 0.4289405684754522
0.2041343669250646 0.5478036175710594 0.0103359173126615 0.23772609819121446
0.772609819121447 0.002583979328165375 0.082687338501292 0.1421188630490956
0.015503875968992248 0.9741602067183462 0.007751937984496124 0.002583979328165375
0.875968992248062 0.028423772609819122 0.023255813953488372 0.07235142118863049
0.16279069767441862 0.3798449612403101 0.14470284237726097 0.31266149870801035
0.2222222222222222 0.17571059431524547 0.06718346253229975 0.5348837209302325
0.028423772609819122 0.002583979328165375 0.9534883720930233 0.015503875968992248
0.046511627906976744 0.7183462532299741 0.03875968992248062 0.19638242894056848
0.2661498708010336 0.06201550387596899 0.22739018087855298 0.4444444444444444
MOTIF metacluster_0pattern_18
letter-probability matrix: alength= 4 w= 10 E= 0
0.4642857142857143 0.1978021978021978 0.12087912087912088 0.21703296703296704
0.08791208791208792 0.008241758241758242 0.7554945054945055 0.14835164835164835
0.02197802197802198 0.9532967032967034 0.0027472527472527475 0.02197802197802198
0.1043956043956044 0.008241758241758242 0.8269230769230769 0.06043956043956044
0.12637362637362637 0.7142857142857143 0.024725274725274724 0.1346153846153846
0.2664835164835165 0.1813186813186813 0.08241758241758242 0.4697802197802198
0.02197802197802198 0.008241758241758242 0.945054945054945 0.024725274725274724
0.12912087912087913 0.6730769230769231 0.0521978021978022 0.14560439560439561
0.1978021978021978 0.0989010989010989 0.14835164835164835 0.554945054945055
0.23901098901098902 0.32142857142857145 0.13736263736263737 0.3021978021978022
MOTIF metacluster_0pattern_19
letter-probability matrix: alength= 4 w= 10 E= 0
0.742296918767507 0.01680672268907563 0.13445378151260504 0.10644257703081232
0.1092436974789916 0.09803921568627451 0.008403361344537815 0.7843137254901961
0.9719887955182073 0.0 0.011204481792717087 0.01680672268907563
0.0 0.9803921568627451 0.0 0.0196078431372549
0.7843137254901961 0.05042016806722689 0.056022408963585436 0.1092436974789916
0.21008403361344538 0.10644257703081232 0.056022408963585436 0.6274509803921569
0.40896358543417366 0.12324929971988796 0.0700280112044818 0.39775910364145656
0.1792717086834734 0.12605042016806722 0.1792717086834734 0.5154061624649859
0.28291316526610644 0.3081232492997199 0.21288515406162464 0.19607843137254902
0.21568627450980393 0.19327731092436976 0.226890756302521 0.3641456582633053
MOTIF metacluster_0pattern_20
letter-probability matrix: alength= 4 w= 10 E= 0
0.5128205128205128 0.039886039886039885 0.33048433048433046 0.1168091168091168
0.06837606837606838 0.09401709401709402 0.011396011396011397 0.8262108262108262
0.9344729344729344 0.014245014245014245 0.022792022792022793 0.02849002849002849
0.0 0.9686609686609686 0.0 0.03133903133903134
0.8974358974358975 0.014245014245014245 0.06552706552706553 0.022792022792022793
0.04843304843304843 0.05413105413105413 0.022792022792022793 0.8746438746438746
0.8290598290598291 0.05128205128205128 0.08262108262108261 0.037037037037037035
0.022792022792022793 0.02849002849002849 0.019943019943019943 0.9287749287749287
0.06552706552706553 0.011396011396011397 0.9031339031339032 0.019943019943019943
0.07692307692307693 0.07692307692307693 0.09401709401709402 0.7521367521367521
MOTIF metacluster_0pattern_21
letter-probability matrix: alength= 4 w= 10 E= 0
0.3052959501557632 0.04984423676012461 0.4143302180685358 0.23052959501557632
0.009345794392523364 0.9657320872274143 0.003115264797507788 0.021806853582554516
0.6542056074766355 0.06542056074766354 0.1588785046728972 0.12149532710280374
0.01557632398753894 0.9252336448598131 0.009345794392523364 0.04984423676012461
0.7757009345794392 0.003115264797507788 0.04361370716510903 0.17757009345794392
0.0 0.9501557632398754 0.028037383177570093 0.021806853582554516
0.1557632398753894 0.056074766355140186 0.028037383177570093 0.7601246105919003
0.037383177570093455 0.009345794392523364 0.9345794392523364 0.018691588785046728
0.32398753894080995 0.19626168224299065 0.06853582554517133 0.411214953271028
0.20249221183800623 0.19626168224299065 0.34890965732087226 0.2523364485981308
MOTIF metacluster_0pattern_22
letter-probability matrix: alength= 4 w= 10 E= 0
0.5746031746031746 0.0380952380952381 0.20317460317460317 0.18412698412698414
0.13015873015873017 0.23809523809523808 0.015873015873015872 0.6158730158730159
0.8984126984126984 0.012698412698412698 0.012698412698412698 0.0761904761904762
0.006349206349206349 0.9873015873015873 0.0031746031746031746 0.0031746031746031746
0.8095238095238095 0.03492063492063492 0.06349206349206349 0.09206349206349207
0.14285714285714285 0.13968253968253969 0.05714285714285714 0.6603174603174603
0.6476190476190476 0.03492063492063492 0.09841269841269841 0.21904761904761905
0.0 0.9809523809523809 0.0031746031746031746 0.015873015873015872
0.2857142857142857 0.04126984126984127 0.5714285714285714 0.10158730158730159
0.16825396825396827 0.2698412698412698 0.07301587301587302 0.4888888888888889
MOTIF metacluster_0pattern_23
letter-probability matrix: alength= 4 w= 10 E= 0
0.056856187290969896 0.023411371237458192 0.05351170568561873 0.8662207357859532
0.06020066889632107 0.8060200668896321 0.056856187290969896 0.07692307692307693
0.919732441471572 0.0 0.03678929765886288 0.043478260869565216
0.010033444816053512 0.9464882943143813 0.016722408026755852 0.026755852842809364
0.7892976588628763 0.05016722408026756 0.06688963210702341 0.09364548494983277
0.043478260869565216 0.568561872909699 0.27424749163879597 0.11371237458193979
0.08361204013377926 0.07357859531772576 0.06354515050167224 0.7792642140468228
0.10033444816053512 0.03678929765886288 0.7892976588628763 0.07357859531772576
0.17725752508361203 0.28762541806020064 0.33444816053511706 0.20066889632107024
0.22408026755852842 0.3010033444816054 0.1806020066889632 0.29431438127090304
MOTIF metacluster_0pattern_24
letter-probability matrix: alength= 4 w= 10 E= 0
0.6007604562737643 0.11406844106463879 0.1520912547528517 0.13307984790874525
0.6273764258555133 0.10646387832699619 0.13688212927756654 0.12927756653992395
0.5171102661596958 0.23193916349809887 0.155893536121673 0.09505703422053231
0.9239543726235742 0.022813688212927757 0.0 0.053231939163498096
0.9239543726235742 0.015209125475285171 0.057034220532319393 0.0038022813688212928
0.011406844106463879 0.9619771863117871 0.0038022813688212928 0.022813688212927757
0.9467680608365019 0.011406844106463879 0.0038022813688212928 0.03802281368821293
0.8631178707224335 0.07604562737642585 0.034220532319391636 0.026615969581749048
0.11406844106463879 0.7338403041825095 0.034220532319391636 0.11787072243346007
0.8212927756653993 0.015209125475285171 0.045627376425855515 0.11787072243346007
MOTIF metacluster_0pattern_25
letter-probability matrix: alength= 4 w= 10 E= 0
0.350597609561753 0.17131474103585656 0.27091633466135456 0.20717131474103587
0.6812749003984063 0.16334661354581673 0.08366533864541832 0.07171314741035857
0.8685258964143426 0.05179282868525897 0.01195219123505976 0.06772908366533864
0.6254980079681275 0.027888446215139442 0.22709163346613545 0.11952191235059761
0.9840637450199203 0.00398406374501992 0.0 0.01195219123505976
0.01593625498007968 0.0 0.9840637450199203 0.0
0.0 0.9960159362549801 0.0 0.00398406374501992
0.1394422310756972 0.055776892430278883 0.0199203187250996 0.7848605577689243
0.18725099601593626 0.14342629482071714 0.3386454183266932 0.33067729083665337
0.2151394422310757 0.0796812749003984 0.26693227091633465 0.43824701195219123
MOTIF metacluster_0pattern_26
letter-probability matrix: alength= 4 w= 10 E= 0
0.3940677966101695 0.07627118644067797 0.15254237288135594 0.3771186440677966
0.2330508474576271 0.5211864406779662 0.038135593220338986 0.2076271186440678
0.8050847457627118 0.00423728813559322 0.11016949152542373 0.08050847457627118
0.0 0.9661016949152542 0.0 0.03389830508474576
0.940677966101695 0.00423728813559322 0.0211864406779661 0.03389830508474576
0.046610169491525424 0.5 0.025423728813559324 0.4279661016949153
0.11016949152542373 0.059322033898305086 0.8008474576271186 0.029661016949152543
0.046610169491525424 0.06779661016949153 0.0211864406779661 0.864406779661017
0.11440677966101695 0.0847457627118644 0.6694915254237288 0.13135593220338984
0.23728813559322035 0.2838983050847458 0.13559322033898305 0.3432203389830508
MOTIF metacluster_0pattern_27
letter-probability matrix: alength= 4 w= 10 E= 0
0.3176470588235294 0.17058823529411765 0.23529411764705882 0.27647058823529413
0.1411764705882353 0.7058823529411765 0.07058823529411765 0.08235294117647059
0.6470588235294118 0.041176470588235294 0.12352941176470589 0.18823529411764706
0.24705882352941178 0.03529411764705882 0.5 0.21764705882352942
0.8235294117647058 0.011764705882352941 0.047058823529411764 0.11764705882352941
0.011764705882352941 0.9705882352941176 0.0058823529411764705 0.011764705882352941
0.01764705882352941 0.1 0.01764705882352941 0.8647058823529412
0.0058823529411764705 0.0 0.9882352941176471 0.0058823529411764705
0.23529411764705882 0.08235294117647059 0.10588235294117647 0.5764705882352941
0.21176470588235294 0.07647058823529412 0.14705882352941177 0.5647058823529412
MOTIF metacluster_0pattern_28
letter-probability matrix: alength= 4 w= 10 E= 0
0.41566265060240964 0.0963855421686747 0.26506024096385544 0.22289156626506024
0.7469879518072289 0.06626506024096386 0.09036144578313253 0.0963855421686747
0.8433734939759037 0.04216867469879518 0.060240963855421686 0.05421686746987952
0.8674698795180723 0.018072289156626505 0.0 0.1144578313253012
0.8493975903614458 0.018072289156626505 0.04819277108433735 0.08433734939759036
0.04819277108433735 0.23493975903614459 0.006024096385542169 0.7108433734939759
0.9518072289156626 0.006024096385542169 0.024096385542168676 0.018072289156626505
0.04819277108433735 0.8313253012048193 0.024096385542168676 0.0963855421686747
0.21686746987951808 0.3855421686746988 0.1144578313253012 0.28313253012048195
0.45180722891566266 0.10240963855421686 0.24096385542168675 0.20481927710843373
MOTIF metacluster_0pattern_29
letter-probability matrix: alength= 4 w= 10 E= 0
0.2066115702479339 0.3884297520661157 0.2231404958677686 0.18181818181818182
0.3305785123966942 0.12396694214876033 0.4049586776859504 0.14049586776859505
0.1487603305785124 0.6033057851239669 0.15702479338842976 0.09090909090909091
0.008264462809917356 0.01652892561983471 0.9421487603305785 0.03305785123966942
0.39669421487603307 0.1487603305785124 0.2809917355371901 0.17355371900826447
0.3305785123966942 0.10743801652892562 0.256198347107438 0.30578512396694213
0.04132231404958678 0.34710743801652894 0.4628099173553719 0.1487603305785124
0.2975206611570248 0.34710743801652894 0.0743801652892562 0.2809917355371901
0.19834710743801653 0.2809917355371901 0.2066115702479339 0.3140495867768595
0.09090909090909091 0.5041322314049587 0.256198347107438 0.1487603305785124
MOTIF metacluster_0pattern_30
letter-probability matrix: alength= 4 w= 10 E= 0
0.8050847457627118 0.03389830508474576 0.07627118644067797 0.0847457627118644
0.11864406779661017 0.6016949152542372 0.01694915254237288 0.2627118644067797
0.8220338983050848 0.01694915254237288 0.13559322033898305 0.025423728813559324
0.03389830508474576 0.09322033898305085 0.0 0.8728813559322034
1.0 0.0 0.0 0.0
0.0 0.923728813559322 0.0 0.07627118644067797
0.3728813559322034 0.2796610169491525 0.11016949152542373 0.23728813559322035
0.3898305084745763 0.05084745762711865 0.07627118644067797 0.4830508474576271
0.2627118644067797 0.03389830508474576 0.559322033898305 0.1440677966101695
0.19491525423728814 0.23728813559322035 0.1016949152542373 0.4661016949152542
MOTIF metacluster_0pattern_31
letter-probability matrix: alength= 4 w= 10 E= 0
0.782608695652174 0.05217391304347826 0.0782608695652174 0.08695652173913043
0.8956521739130435 0.017391304347826087 0.017391304347826087 0.06956521739130435
0.8869565217391304 0.017391304347826087 0.05217391304347826 0.043478260869565216
0.8260869565217391 0.008695652173913044 0.0 0.16521739130434782
0.4 0.008695652173913044 0.45217391304347826 0.1391304347826087
0.008695652173913044 0.991304347826087 0.0 0.0
0.5652173913043478 0.017391304347826087 0.3739130434782609 0.043478260869565216
0.30434782608695654 0.41739130434782606 0.06956521739130435 0.20869565217391303
0.30434782608695654 0.12173913043478261 0.2956521739130435 0.2782608695652174
0.33043478260869563 0.1565217391304348 0.11304347826086956 0.4
MOTIF metacluster_0pattern_32
letter-probability matrix: alength= 4 w= 10 E= 0
0.24242424242424243 0.24242424242424243 0.4393939393939394 0.07575757575757576
0.6060606060606061 0.015151515151515152 0.015151515151515152 0.36363636363636365
0.16666666666666666 0.5 0.22727272727272727 0.10606060606060606
0.09090909090909091 0.8484848484848485 0.045454545454545456 0.015151515151515152
0.5606060606060606 0.045454545454545456 0.07575757575757576 0.3181818181818182
0.045454545454545456 0.19696969696969696 0.696969696969697 0.06060606060606061
0.10606060606060606 0.4696969696969697 0.42424242424242425 0.0
0.30303030303030304 0.09090909090909091 0.16666666666666666 0.4393939393939394
0.07575757575757576 0.30303030303030304 0.5151515151515151 0.10606060606060606
0.16666666666666666 0.3484848484848485 0.3333333333333333 0.15151515151515152
MOTIF metacluster_0pattern_33
letter-probability matrix: alength= 4 w= 10 E= 0
0.10909090909090909 0.10909090909090909 0.2 0.5818181818181818
0.01818181818181818 0.7454545454545455 0.01818181818181818 0.21818181818181817
0.09090909090909091 0.01818181818181818 0.7090909090909091 0.18181818181818182
0.0 0.9818181818181818 0.0 0.01818181818181818
0.03636363636363636 0.01818181818181818 0.05454545454545454 0.8909090909090909
0.03636363636363636 0.8363636363636363 0.05454545454545454 0.07272727272727272
0.03636363636363636 0.0 0.10909090909090909 0.8545454545454545
0.0 0.9818181818181818 0.01818181818181818 0.0
0.03636363636363636 0.9636363636363636 0.0 0.0
0.18181818181818182 0.43636363636363634 0.21818181818181817 0.16363636363636364
MOTIF metacluster_0pattern_34
letter-probability matrix: alength= 4 w= 10 E= 0
0.4090909090909091 0.06818181818181818 0.22727272727272727 0.29545454545454547
0.25 0.09090909090909091 0.0 0.6590909090909091
0.9090909090909091 0.06818181818181818 0.0 0.022727272727272728
0.0 1.0 0.0 0.0
0.8181818181818182 0.045454545454545456 0.06818181818181818 0.06818181818181818
0.3409090909090909 0.1590909090909091 0.09090909090909091 0.4090909090909091
0.6136363636363636 0.045454545454545456 0.20454545454545456 0.13636363636363635
0.22727272727272727 0.022727272727272728 0.06818181818181818 0.6818181818181818
0.5681818181818182 0.045454545454545456 0.2727272727272727 0.11363636363636363
0.0 0.9545454545454546 0.045454545454545456 0.0
MOTIF metacluster_0pattern_35
letter-probability matrix: alength= 4 w= 10 E= 0
0.10256410256410256 0.0 0.7435897435897436 0.15384615384615385
0.717948717948718 0.02564102564102564 0.10256410256410256 0.15384615384615385
0.6923076923076923 0.02564102564102564 0.10256410256410256 0.1794871794871795
0.02564102564102564 0.02564102564102564 0.02564102564102564 0.9230769230769231
0.0 1.0 0.0 0.0
0.0 0.0 1.0 0.0
0.9230769230769231 0.0 0.02564102564102564 0.05128205128205128
0.6666666666666666 0.02564102564102564 0.0 0.3076923076923077
0.07692307692307693 0.02564102564102564 0.0 0.8974358974358975
0.02564102564102564 0.8461538461538461 0.10256410256410256 0.02564102564102564
MOTIF metacluster_0pattern_36
letter-probability matrix: alength= 4 w= 10 E= 0
0.11428571428571428 0.11428571428571428 0.42857142857142855 0.34285714285714286
0.08571428571428572 0.8 0.05714285714285714 0.05714285714285714
0.11428571428571428 0.11428571428571428 0.7428571428571429 0.02857142857142857
0.0 0.9428571428571428 0.0 0.05714285714285714
0.02857142857142857 0.9428571428571428 0.02857142857142857 0.0
0.02857142857142857 0.9142857142857143 0.02857142857142857 0.02857142857142857
0.11428571428571428 0.0 0.0 0.8857142857142857
0.0 0.9428571428571428 0.0 0.05714285714285714
0.2571428571428571 0.02857142857142857 0.34285714285714286 0.37142857142857144
0.2 0.42857142857142855 0.11428571428571428 0.2571428571428571
MOTIF metacluster_1pattern_0
letter-probability matrix: alength= 4 w= 10 E= 0
0.38440474638153604 0.10392489242404486 0.25609597079149826 0.25557439040292085
0.334072238883818 0.16312426652757855 0.1849002477506846 0.3179032468379189
0.2773503716260269 0.28504368235754335 0.30786282435780415 0.12974312165862564
0.007823705828660842 0.008214891120093885 0.009127656800104316 0.9748337462511409
0.0024775068457426 0.9889164167427305 0.0015647411657321686 0.007041335245794758
0.012648324423001695 0.9571000130395098 0.003781457817186074 0.026470204720302516
0.12922154127004826 0.030642847828921634 0.043551962446212025 0.7965836484548181
0.09571000130395098 0.12465771286999609 0.3858390924501239 0.39379319337592905
0.17251271352197156 0.24214369539705308 0.32194549484939367 0.26339809623158167
0.2836093362889555 0.207588994653801 0.23966618855131047 0.269135480505933
MOTIF metacluster_1pattern_1
letter-probability matrix: alength= 4 w= 10 E= 0
0.29524560021013924 0.12056737588652482 0.15392697662201207 0.4302600472813239
0.04281586551090097 0.046493301812450746 0.8318886262148674 0.07880220646178093
0.9758339900183872 0.006304176516942475 0.01182033096926714 0.006041502495403204
0.0036774363015497765 0.005778828473863935 0.0005253480430785396 0.9900183871815077
0.003414762280010507 0.9760966640399265 0.00998161281849225 0.010506960861570791
0.15734173890202258 0.5755187811925401 0.024954032046230628 0.24218544785920673
0.21171526136065144 0.1016548463356974 0.1008668242710796 0.5857630680325716
0.16995009193590754 0.2553191489361702 0.2773837667454689 0.2973469923824534
0.2910428158655109 0.1988442343052272 0.26792750197005516 0.24218544785920673
0.28184922511163646 0.19306540583136328 0.22301024428684002 0.30207512477016024
MOTIF metacluster_1pattern_2
letter-probability matrix: alength= 4 w= 10 E= 0
0.5129513343799058 0.1946624803767661 0.1185243328100471 0.173861852433281
0.652276295133438 0.16051805337519623 0.06907378335949764 0.11813186813186813
0.5313971742543171 0.18681318681318682 0.058084772370486655 0.2237048665620094
0.031004709576138146 0.004709576138147566 0.003532182103610675 0.9607535321821036
0.008241758241758242 0.009419152276295133 0.0027472527472527475 0.9795918367346939
0.4937205651491366 0.046703296703296704 0.16287284144427003 0.2967032967032967
0.8559654631083202 0.034929356357927786 0.04866562009419152 0.06043956043956044
0.14050235478806908 0.04434850863422292 0.09144427001569859 0.7237048665620094
0.14795918367346939 0.1781789638932496 0.315541601255887 0.358320251177394
0.31907378335949765 0.19858712715855573 0.2107535321821036 0.271585557299843
MOTIF metacluster_1pattern_3
letter-probability matrix: alength= 4 w= 10 E= 0
0.17467248908296942 0.11062590975254731 0.046579330422125184 0.6681222707423581
0.1572052401746725 0.1703056768558952 0.01601164483260553 0.6564774381368268
0.09606986899563319 0.13973799126637554 0.01601164483260553 0.7481804949053857
0.020378457059679767 0.026200873362445413 0.0 0.9534206695778749
0.008733624454148471 0.004366812227074236 0.004366812227074236 0.982532751091703
0.005822416302765648 0.020378457059679767 0.01455604075691412 0.9592430858806404
0.042212518195050945 0.018922852983988356 0.00727802037845706 0.9315866084425036
0.026200873362445413 0.001455604075691412 0.010189228529839884 0.9621542940320232
0.021834061135371178 0.010189228529839884 0.050946142649199416 0.9170305676855895
0.048034934497816595 0.05967976710334789 0.18631732168850074 0.7059679767103348
MOTIF metacluster_1pattern_4
letter-probability matrix: alength= 4 w= 10 E= 0
0.5337423312883436 0.2740286298568507 0.06339468302658487 0.12883435582822086
0.9100204498977505 0.028629856850715747 0.034764826175869123 0.026584867075664622
0.9059304703476483 0.006134969325153374 0.081799591002045 0.006134969325153374
0.014314928425357873 0.06952965235173825 0.0 0.9161554192229039
0.006134969325153374 0.002044989775051125 0.002044989775051125 0.9897750511247444
0.028629856850715747 0.012269938650306749 0.05112474437627812 0.9079754601226994
0.06952965235173825 0.06339468302658487 0.6871165644171779 0.17995910020449898
0.08997955010224949 0.08793456032719836 0.6482617586912065 0.1738241308793456
0.1738241308793456 0.41922290388548056 0.18200408997955012 0.2249488752556237
0.29243353783231085 0.2392638036809816 0.17995910020449898 0.2883435582822086
MOTIF metacluster_1pattern_5
letter-probability matrix: alength= 4 w= 10 E= 0
0.3787878787878788 0.24891774891774893 0.20346320346320346 0.16883116883116883
0.4653679653679654 0.18831168831168832 0.09740259740259741 0.24891774891774893
0.44372294372294374 0.13203463203463203 0.09090909090909091 0.3333333333333333
0.17532467532467533 0.1038961038961039 0.0670995670995671 0.6536796536796536
0.032467532467532464 0.01948051948051948 0.021645021645021644 0.9264069264069265
0.07575757575757576 0.05194805194805195 0.08225108225108226 0.79004329004329
0.008658008658008658 0.004329004329004329 0.974025974025974 0.012987012987012988
0.004329004329004329 0.004329004329004329 0.9913419913419913 0.0
0.948051948051948 0.008658008658008658 0.030303030303030304 0.012987012987012988
0.08874458874458875 0.38095238095238093 0.2597402597402597 0.27056277056277056
MOTIF metacluster_1pattern_6
letter-probability matrix: alength= 4 w= 10 E= 0
0.42701525054466233 0.18736383442265794 0.22657952069716775 0.15904139433551198
0.8082788671023965 0.07625272331154684 0.054466230936819175 0.06100217864923747
0.9237472766884531 0.030501089324618737 0.008714596949891068 0.037037037037037035
0.7429193899782135 0.006535947712418301 0.24618736383442266 0.004357298474945534
0.11328976034858387 0.017429193899782137 0.05010893246187364 0.8191721132897604
0.004357298474945534 0.002178649237472767 0.026143790849673203 0.9673202614379085
0.010893246187363835 0.006535947712418301 0.8888888888888888 0.09368191721132897
0.09368191721132897 0.0392156862745098 0.7864923747276689 0.08061002178649238
0.14596949891067537 0.6056644880174292 0.12200435729847495 0.12636165577342048
0.2440087145969499 0.5228758169934641 0.08278867102396514 0.1503267973856209
MOTIF metacluster_1pattern_7
letter-probability matrix: alength= 4 w= 10 E= 0
0.3663594470046083 0.2511520737327189 0.14746543778801843 0.2350230414746544
0.27880184331797236 0.1912442396313364 0.11981566820276497 0.41013824884792627
0.029953917050691243 0.1543778801843318 0.020737327188940093 0.7949308755760369
0.08064516129032258 0.1175115207373272 0.07142857142857142 0.7304147465437788
0.10368663594470046 0.05069124423963134 0.059907834101382486 0.7857142857142857
0.013824884792626729 0.01152073732718894 0.01152073732718894 0.9631336405529954
0.0 0.0 0.9907834101382489 0.009216589861751152
0.01152073732718894 0.0 0.9631336405529954 0.02534562211981567
0.020737327188940093 0.8847926267281107 0.02304147465437788 0.07142857142857142
0.0967741935483871 0.7903225806451613 0.03917050691244239 0.07373271889400922
MOTIF metacluster_1pattern_8
letter-probability matrix: alength= 4 w= 10 E= 0
0.6976744186046512 0.14651162790697675 0.11162790697674418 0.044186046511627906
0.9162790697674419 0.004651162790697674 0.06279069767441861 0.01627906976744186
0.03255813953488372 0.2 0.018604651162790697 0.7488372093023256
0.044186046511627906 0.002325581395348837 0.002325581395348837 0.9511627906976744
0.01627906976744186 0.011627906976744186 0.004651162790697674 0.9674418604651163
0.04186046511627907 0.08139534883720931 0.06279069767441861 0.813953488372093
0.046511627906976744 0.018604651162790697 0.4558139534883721 0.4790697674418605
0.07441860465116279 0.009302325581395349 0.8651162790697674 0.05116279069767442
0.19534883720930232 0.2069767441860465 0.4046511627906977 0.1930232558139535
0.15813953488372093 0.4441860465116279 0.1511627906976744 0.24651162790697675
MOTIF metacluster_1pattern_9
letter-probability matrix: alength= 4 w= 10 E= 0
0.5376712328767124 0.11643835616438356 0.1952054794520548 0.1506849315068493
0.6198630136986302 0.1095890410958904 0.10273972602739725 0.1678082191780822
0.4315068493150685 0.1095890410958904 0.20205479452054795 0.2568493150684932
0.0136986301369863 0.017123287671232876 0.003424657534246575 0.9657534246575342
0.030821917808219176 0.0410958904109589 0.017123287671232876 0.910958904109589
0.5102739726027398 0.04794520547945205 0.2226027397260274 0.2191780821917808
0.928082191780822 0.0273972602739726 0.02054794520547945 0.023972602739726026
0.3184931506849315 0.0136986301369863 0.23972602739726026 0.4280821917808219
0.00684931506849315 0.003424657534246575 0.9828767123287672 0.00684931506849315
0.5547945205479452 0.07191780821917808 0.2671232876712329 0.10616438356164383
MOTIF metacluster_1pattern_10
letter-probability matrix: alength= 4 w= 10 E= 0
0.2689075630252101 0.24789915966386555 0.2857142857142857 0.19747899159663865
0.49159663865546216 0.31932773109243695 0.06722689075630252 0.12184873949579832
0.7983193277310925 0.12184873949579832 0.02100840336134454 0.058823529411764705
0.8907563025210085 0.004201680672268907 0.07563025210084033 0.029411764705882353
0.0 0.0 0.0 1.0
0.21008403361344538 0.046218487394957986 0.06302521008403361 0.680672268907563
0.9831932773109243 0.008403361344537815 0.0 0.008403361344537815
0.18487394957983194 0.0 0.025210084033613446 0.7899159663865546
0.05042016806722689 0.046218487394957986 0.773109243697479 0.13025210084033614
0.453781512605042 0.2605042016806723 0.13865546218487396 0.14705882352941177
MOTIF metacluster_1pattern_11
letter-probability matrix: alength= 4 w= 10 E= 0
0.36363636363636365 0.0481283422459893 0.20855614973262032 0.37967914438502676
0.0427807486631016 0.016042780748663103 0.93048128342246 0.0106951871657754
0.9786096256684492 0.0053475935828877 0.016042780748663103 0.0
0.0213903743315508 0.0 0.026737967914438502 0.9518716577540107
0.0213903743315508 0.026737967914438502 0.0053475935828877 0.946524064171123
0.22994652406417113 0.0213903743315508 0.2192513368983957 0.5294117647058824
0.9679144385026738 0.0053475935828877 0.016042780748663103 0.0106951871657754
0.15508021390374332 0.0106951871657754 0.06417112299465241 0.7700534759358288
0.0962566844919786 0.0374331550802139 0.6737967914438503 0.1925133689839572
0.33689839572192515 0.25133689839572193 0.20855614973262032 0.20320855614973263
MOTIF metacluster_1pattern_12
letter-probability matrix: alength= 4 w= 10 E= 0
0.2784090909090909 0.3409090909090909 0.17045454545454544 0.21022727272727273
0.5227272727272727 0.3181818181818182 0.07954545454545454 0.07954545454545454
0.7954545454545454 0.07386363636363637 0.11931818181818182 0.011363636363636364
0.017045454545454544 0.19318181818181818 0.005681818181818182 0.7840909090909091
0.005681818181818182 0.045454545454545456 0.005681818181818182 0.9431818181818182
0.011363636363636364 0.011363636363636364 0.045454545454545456 0.9318181818181818
0.017045454545454544 0.0 0.9147727272727273 0.06818181818181818
0.022727272727272728 0.011363636363636364 0.9431818181818182 0.022727272727272728
0.05113636363636364 0.7840909090909091 0.07386363636363637 0.09090909090909091
0.09659090909090909 0.7670454545454546 0.028409090909090908 0.10795454545454546
MOTIF metacluster_1pattern_13
letter-probability matrix: alength= 4 w= 10 E= 0
0.6347305389221557 0.1317365269461078 0.0658682634730539 0.16766467065868262
0.04790419161676647 0.19161676646706588 0.005988023952095809 0.7544910179640718
0.08383233532934131 0.011976047904191617 0.005988023952095809 0.8982035928143712
0.023952095808383235 0.11976047904191617 0.005988023952095809 0.8502994011976048
0.0718562874251497 0.017964071856287425 0.011976047904191617 0.8982035928143712
0.03592814371257485 0.0 0.017964071856287425 0.9461077844311377
0.011976047904191617 0.011976047904191617 0.437125748502994 0.5389221556886228
0.005988023952095809 0.0 0.9820359281437125 0.011976047904191617
0.1317365269461078 0.10778443113772455 0.6646706586826348 0.09580838323353294
0.1317365269461078 0.592814371257485 0.11976047904191617 0.15568862275449102
MOTIF metacluster_1pattern_14
letter-probability matrix: alength= 4 w= 10 E= 0
0.3961038961038961 0.14285714285714285 0.2662337662337662 0.19480519480519481
0.37662337662337664 0.07142857142857142 0.05844155844155844 0.4935064935064935
0.6103896103896104 0.09090909090909091 0.2662337662337662 0.032467532467532464
0.0 0.0 0.0 1.0
0.0 0.9935064935064936 0.006493506493506494 0.0
0.0 1.0 0.0 0.0
0.24675324675324675 0.577922077922078 0.09740259740259741 0.07792207792207792
0.15584415584415584 0.045454545454545456 0.03896103896103896 0.7597402597402597
0.12337662337662338 0.05194805194805195 0.44155844155844154 0.38311688311688313
0.16233766233766234 0.032467532467532464 0.5844155844155844 0.22077922077922077
MOTIF metacluster_1pattern_15
letter-probability matrix: alength= 4 w= 10 E= 0
0.31092436974789917 0.058823529411764705 0.3865546218487395 0.24369747899159663
0.5462184873949579 0.058823529411764705 0.15126050420168066 0.24369747899159663
0.03361344537815126 0.907563025210084 0.05042016806722689 0.008403361344537815
0.0 0.0 0.0 1.0
0.025210084033613446 0.0 0.0 0.9747899159663865
0.0 1.0 0.0 0.0
0.025210084033613446 0.01680672268907563 0.008403361344537815 0.9495798319327731
0.025210084033613446 0.01680672268907563 0.04201680672268908 0.9159663865546218
0.11764705882352941 0.4369747899159664 0.31092436974789917 0.13445378151260504
0.37815126050420167 0.13445378151260504 0.17647058823529413 0.31092436974789917
MOTIF metacluster_1pattern_16
letter-probability matrix: alength= 4 w= 10 E= 0
0.5263157894736842 0.2736842105263158 0.14736842105263157 0.05263157894736842
0.6947368421052632 0.16842105263157894 0.05263157894736842 0.08421052631578947
0.6210526315789474 0.18947368421052632 0.08421052631578947 0.10526315789473684
0.21052631578947367 0.23157894736842105 0.021052631578947368 0.5368421052631579
0.08421052631578947 0.031578947368421054 0.021052631578947368 0.8631578947368421
0.0 0.0 0.042105263157894736 0.9578947368421052
0.010526315789473684 0.0 0.010526315789473684 0.9789473684210527
0.0 0.010526315789473684 0.9789473684210527 0.010526315789473684
0.4 0.14736842105263157 0.05263157894736842 0.4
0.021052631578947368 0.9789473684210527 0.0 0.0
MOTIF metacluster_2pattern_0
letter-probability matrix: alength= 4 w= 10 E= 0
0.20329218106995886 0.3983539094650206 0.10452674897119342 0.2938271604938272
0.4016460905349794 0.08559670781893004 0.3168724279835391 0.19588477366255144
0.18930041152263374 0.15473251028806584 0.14156378600823044 0.51440329218107
0.04938271604938271 0.01810699588477366 0.902880658436214 0.02962962962962963
0.00905349794238683 0.9810699588477366 0.0032921810699588477 0.006584362139917695
0.5679012345679012 0.12181069958847737 0.097119341563786 0.21316872427983538
0.03292181069958848 0.817283950617284 0.031275720164609055 0.11851851851851852
0.45185185185185184 0.097119341563786 0.1654320987654321 0.28559670781893004
0.09958847736625515 0.45596707818930043 0.102880658436214 0.34156378600823045
0.29218106995884774 0.1325102880658436 0.35720164609053495 0.21810699588477367
MOTIF metacluster_2pattern_1
letter-probability matrix: alength= 4 w= 10 E= 0
0.38614718614718613 0.19393939393939394 0.22424242424242424 0.19567099567099566
0.2735930735930736 0.12987012987012986 0.5125541125541125 0.08398268398268398
0.6623376623376623 0.08571428571428572 0.10303030303030303 0.14891774891774892
0.20346320346320346 0.16103896103896104 0.5255411255411255 0.10995670995670996
0.5463203463203463 0.0987012987012987 0.050216450216450215 0.3047619047619048
0.012121212121212121 0.006060606060606061 0.9757575757575757 0.006060606060606061
0.45800865800865803 0.2354978354978355 0.10909090909090909 0.1974025974025974
0.1012987012987013 0.08744588744588745 0.7558441558441559 0.05541125541125541
0.5004329004329005 0.10995670995670996 0.23203463203463204 0.15757575757575756
0.19047619047619047 0.11341991341991342 0.606926406926407 0.08917748917748917
MOTIF metacluster_2pattern_2
letter-probability matrix: alength= 4 w= 10 E= 0
0.2430493273542601 0.3515695067264574 0.18295964125560538 0.22242152466367712
0.3632286995515695 0.242152466367713 0.1757847533632287 0.21883408071748878
0.18475336322869956 0.4233183856502242 0.19461883408071748 0.19730941704035873
0.39820627802690584 0.18385650224215247 0.26547085201793724 0.15246636771300448
0.045739910313901344 0.8394618834080717 0.04035874439461883 0.07443946188340807
0.6403587443946188 0.13273542600896862 0.08789237668161436 0.13901345291479822
0.033183856502242155 0.8932735426008969 0.02600896860986547 0.04753363228699552
0.8044843049327354 0.06905829596412556 0.03228699551569507 0.09417040358744394
0.009865470852017937 0.9614349775784753 0.007174887892376682 0.021524663677130046
0.7524663677130045 0.06995515695067264 0.059192825112107626 0.11838565022421525
MOTIF metacluster_2pattern_3
letter-probability matrix: alength= 4 w= 10 E= 0
0.052825552825552825 0.7493857493857494 0.06511056511056511 0.13267813267813267
0.7014742014742015 0.08476658476658476 0.12039312039312039 0.09336609336609336
0.011056511056511056 0.9361179361179361 0.009828009828009828 0.042997542997543
0.8845208845208845 0.022113022113022112 0.0171990171990172 0.07616707616707617
0.07248157248157248 0.11916461916461916 0.12285012285012285 0.6855036855036855
0.36609336609336607 0.16707616707616707 0.18058968058968058 0.28624078624078625
0.02457002457002457 0.855036855036855 0.042997542997543 0.0773955773955774
0.597051597051597 0.13022113022113022 0.16584766584766586 0.10687960687960688
0.16461916461916462 0.47911547911547914 0.13636363636363635 0.2199017199017199
0.4582309582309582 0.20638820638820637 0.15233415233415235 0.18304668304668303
MOTIF metacluster_2pattern_4
letter-probability matrix: alength= 4 w= 10 E= 0
0.2582697201017812 0.12849872773536897 0.4211195928753181 0.1921119592875318
0.30916030534351147 0.10178117048346055 0.18575063613231552 0.4033078880407125
0.035623409669211195 0.013994910941475827 0.9287531806615776 0.021628498727735368
0.022900763358778626 0.9389312977099237 0.013994910941475827 0.024173027989821884
0.37659033078880405 0.10178117048346055 0.06743002544529263 0.4541984732824427
0.16666666666666666 0.24936386768447838 0.34478371501272265 0.23918575063613232
0.25318066157760816 0.08778625954198473 0.10305343511450382 0.5559796437659033
0.09287531806615776 0.1361323155216285 0.6653944020356234 0.10559796437659033
0.2340966921119593 0.15267175572519084 0.138676844783715 0.47455470737913485
0.1717557251908397 0.10559796437659033 0.6475826972010178 0.07506361323155217
MOTIF metacluster_2pattern_5
letter-probability matrix: alength= 4 w= 10 E= 0
0.2573099415204678 0.10818713450292397 0.4780701754385965 0.1564327485380117
0.17543859649122806 0.13596491228070176 0.09064327485380116 0.597953216374269
0.02046783625730994 0.024853801169590642 0.9283625730994152 0.02631578947368421
0.22514619883040934 0.41228070175438597 0.10380116959064327 0.25877192982456143
0.29239766081871343 0.31871345029239767 0.27485380116959063 0.11403508771929824
0.5233918128654971 0.06432748538011696 0.23538011695906433 0.17690058479532164
0.2807017543859649 0.19005847953216373 0.1154970760233918 0.4137426900584795
0.1476608187134503 0.03508771929824561 0.7675438596491229 0.049707602339181284
0.14619883040935672 0.13157894736842105 0.09210526315789473 0.6301169590643275
0.0891812865497076 0.029239766081871343 0.847953216374269 0.033625730994152045
MOTIF metacluster_2pattern_6
letter-probability matrix: alength= 4 w= 10 E= 0
0.16913319238900634 0.17124735729386892 0.16913319238900634 0.4904862579281184
0.19238900634249473 0.1733615221987315 0.3382663847780127 0.2959830866807611
0.33192389006342493 0.12896405919661733 0.18816067653276955 0.35095137420718814
0.33403805496828753 0.052854122621564484 0.10782241014799154 0.5052854122621564
0.1226215644820296 0.008456659619450317 0.03805496828752643 0.8308668076109936
0.05919661733615222 0.008456659619450317 0.023255813953488372 0.9090909090909091
0.1226215644820296 0.02536997885835095 0.0613107822410148 0.7906976744186046
0.30655391120507397 0.1945031712473573 0.09302325581395349 0.4059196617336152
0.5116279069767442 0.22832980972515857 0.12050739957716702 0.13953488372093023
0.40169133192389006 0.23255813953488372 0.09302325581395349 0.2727272727272727
MOTIF metacluster_2pattern_7
letter-probability matrix: alength= 4 w= 10 E= 0
0.38141809290953543 0.12469437652811736 0.29095354523227385 0.20293398533007334
0.2078239608801956 0.04156479217603912 0.15158924205378974 0.5990220048899756
0.012224938875305624 0.0 0.9853300733496333 0.0024449877750611247
0.08312958435207823 0.8655256723716381 0.014669926650366748 0.03667481662591687
0.5183374083129584 0.14180929095354522 0.09046454767726161 0.24938875305623473
0.4352078239608802 0.1100244498777506 0.19315403422982885 0.2616136919315403
0.2200488997555012 0.08801955990220049 0.2078239608801956 0.4841075794621027
0.02689486552567237 0.007334963325183374 0.9266503667481663 0.039119804400977995
0.029339853300733496 0.8704156479217604 0.012224938875305624 0.08801955990220049
0.45965770171149145 0.11246943765281174 0.254278728606357 0.17359413202933985
MOTIF metacluster_2pattern_8
letter-probability matrix: alength= 4 w= 10 E= 0
0.26153846153846155 0.38461538461538464 0.09846153846153846 0.2553846153846154
0.4123076923076923 0.08 0.18769230769230769 0.32
0.12 0.16923076923076924 0.18461538461538463 0.5261538461538462
0.05846153846153846 0.015384615384615385 0.9015384615384615 0.024615384615384615
0.003076923076923077 0.9661538461538461 0.0 0.03076923076923077
0.8707692307692307 0.018461538461538463 0.018461538461538463 0.09230769230769231
0.10153846153846154 0.12307692307692308 0.09230769230769231 0.683076923076923
0.24307692307692308 0.021538461538461538 0.5661538461538461 0.16923076923076924
0.015384615384615385 0.8861538461538462 0.021538461538461538 0.07692307692307693
0.5353846153846153 0.16923076923076924 0.2153846153846154 0.08
MOTIF metacluster_2pattern_9
letter-probability matrix: alength= 4 w= 10 E= 0
0.1728395061728395 0.12037037037037036 0.4845679012345679 0.2222222222222222
0.14506172839506173 0.12962962962962962 0.36728395061728397 0.35802469135802467
0.07716049382716049 0.07407407407407407 0.7067901234567902 0.1419753086419753
0.07407407407407407 0.07407407407407407 0.7746913580246914 0.07716049382716049
0.037037037037037035 0.08024691358024691 0.845679012345679 0.037037037037037035
0.08641975308641975 0.07716049382716049 0.06481481481481481 0.7716049382716049
0.033950617283950615 0.0 0.9567901234567902 0.009259259259259259
0.05864197530864197 0.05555555555555555 0.8024691358024691 0.08333333333333333
0.033950617283950615 0.009259259259259259 0.9537037037037037 0.0030864197530864196
0.030864197530864196 0.1111111111111111 0.49074074074074076 0.36728395061728397
MOTIF metacluster_2pattern_10
letter-probability matrix: alength= 4 w= 10 E= 0
0.2598684210526316 0.16776315789473684 0.24671052631578946 0.3256578947368421
0.19078947368421054 0.3651315789473684 0.28289473684210525 0.1611842105263158
0.3026315789473684 0.17105263157894737 0.26644736842105265 0.2598684210526316
0.09210526315789473 0.743421052631579 0.13157894736842105 0.03289473684210526
0.5361842105263158 0.05592105263157895 0.16447368421052633 0.24342105263157895
0.26644736842105265 0.4407894736842105 0.07894736842105263 0.2138157894736842
0.19736842105263158 0.03618421052631579 0.039473684210526314 0.7269736842105263
0.019736842105263157 0.009868421052631578 0.9671052631578947 0.003289473684210526
0.22039473684210525 0.08223684210526316 0.049342105263157895 0.6480263157894737
0.039473684210526314 0.029605263157894735 0.881578947368421 0.049342105263157895
MOTIF metacluster_2pattern_11
letter-probability matrix: alength= 4 w= 10 E= 0
0.18518518518518517 0.10774410774410774 0.5117845117845118 0.19528619528619529
0.21548821548821548 0.14814814814814814 0.27946127946127947 0.3569023569023569
0.05387205387205387 0.026936026936026935 0.8922558922558923 0.026936026936026935
0.2895622895622896 0.04377104377104377 0.5723905723905723 0.09427609427609428
0.7946127946127947 0.06060606060606061 0.05387205387205387 0.09090909090909091
0.09764309764309764 0.050505050505050504 0.18518518518518517 0.6666666666666666
0.006734006734006734 0.0 0.9865319865319865 0.006734006734006734
0.15488215488215487 0.07744107744107744 0.6262626262626263 0.1414141414141414
0.08080808080808081 0.18518518518518517 0.5757575757575758 0.15824915824915825
0.0707070707070707 0.06734006734006734 0.632996632996633 0.22895622895622897
MOTIF metacluster_2pattern_12
letter-probability matrix: alength= 4 w= 10 E= 0
0.2 0.43636363636363634 0.06909090909090909 0.29454545454545455
0.48 0.06181818181818182 0.14909090909090908 0.3090909090909091
0.18181818181818182 0.13090909090909092 0.06909090909090909 0.6181818181818182
0.08363636363636363 0.0036363636363636364 0.8763636363636363 0.03636363636363636
0.0 0.9927272727272727 0.0 0.007272727272727273
0.8909090909090909 0.04 0.03636363636363636 0.03272727272727273
0.17454545454545456 0.01090909090909091 0.06545454545454546 0.7490909090909091
0.5745454545454546 0.05090909090909091 0.12727272727272726 0.24727272727272728
0.06545454545454546 0.24 0.10545454545454545 0.5890909090909091
0.10545454545454545 0.04363636363636364 0.76 0.09090909090909091
MOTIF metacluster_2pattern_13
letter-probability matrix: alength= 4 w= 10 E= 0
0.044715447154471545 0.06097560975609756 0.8252032520325203 0.06910569105691057
0.4796747967479675 0.25203252032520324 0.08536585365853659 0.18292682926829268
0.06097560975609756 0.22357723577235772 0.18292682926829268 0.532520325203252
0.09349593495934959 0.04065040650406504 0.8048780487804879 0.06097560975609756
0.5 0.25203252032520324 0.13414634146341464 0.11382113821138211
0.012195121951219513 0.17479674796747968 0.04878048780487805 0.7642276422764228
0.0 0.0 1.0 0.0
0.6056910569105691 0.22357723577235772 0.012195121951219513 0.15853658536585366
0.012195121951219513 0.34552845528455284 0.04878048780487805 0.5934959349593496
0.04065040650406504 0.0040650406504065045 0.9471544715447154 0.008130081300813009
MOTIF metacluster_2pattern_14
letter-probability matrix: alength= 4 w= 10 E= 0
0.4660633484162896 0.12217194570135746 0.09502262443438914 0.3167420814479638
0.07239819004524888 0.07692307692307693 0.17194570135746606 0.6787330316742082
0.01809954751131222 0.027149321266968326 0.9502262443438914 0.004524886877828055
0.06334841628959276 0.08144796380090498 0.7601809954751131 0.09502262443438914
0.04072398190045249 0.12669683257918551 0.7647058823529411 0.06787330316742081
0.08144796380090498 0.03619909502262444 0.12217194570135746 0.7601809954751131
0.00904977375565611 0.00904977375565611 0.9502262443438914 0.03167420814479638
0.09954751131221719 0.09954751131221719 0.7737556561085973 0.027149321266968326
0.167420814479638 0.4253393665158371 0.09502262443438914 0.31221719457013575
0.2398190045248869 0.04072398190045249 0.26244343891402716 0.45701357466063347
MOTIF metacluster_2pattern_15
letter-probability matrix: alength= 4 w= 10 E= 0
0.024875621890547265 0.06467661691542288 0.8905472636815921 0.01990049751243781
0.17412935323383086 0.08955223880597014 0.10945273631840796 0.6268656716417911
0.014925373134328358 0.004975124378109453 0.9701492537313433 0.009950248756218905
0.11442786069651742 0.03482587064676617 0.7910447761194029 0.05970149253731343
0.04975124378109453 0.024875621890547265 0.900497512437811 0.024875621890547265
0.03980099502487562 0.01990049751243781 0.07462686567164178 0.8656716417910447
0.03980099502487562 0.0 0.9353233830845771 0.024875621890547265
0.05472636815920398 0.029850746268656716 0.8507462686567164 0.06467661691542288
0.15920398009950248 0.3482587064676617 0.06467661691542288 0.42786069651741293
0.1890547263681592 0.04975124378109453 0.527363184079602 0.23383084577114427
MOTIF metacluster_2pattern_16
letter-probability matrix: alength= 4 w= 10 E= 0
0.15819209039548024 0.22598870056497175 0.1807909604519774 0.4350282485875706
0.14124293785310735 0.0847457627118644 0.1751412429378531 0.5988700564971752
0.07344632768361582 0.005649717514124294 0.022598870056497175 0.8983050847457628
0.04519774011299435 0.07344632768361582 0.05084745762711865 0.8305084745762712
0.0847457627118644 0.022598870056497175 0.05649717514124294 0.8361581920903954
0.01694915254237288 0.8361581920903954 0.05084745762711865 0.096045197740113
0.5706214689265536 0.01694915254237288 0.192090395480226 0.22033898305084745
0.14124293785310735 0.3050847457627119 0.3672316384180791 0.1864406779661017
0.11299435028248588 0.14124293785310735 0.12429378531073447 0.6214689265536724
0.05084745762711865 0.2711864406779661 0.23163841807909605 0.4463276836158192
MOTIF metacluster_2pattern_17
letter-probability matrix: alength= 4 w= 10 E= 0
0.3488372093023256 0.18604651162790697 0.10465116279069768 0.36046511627906974
0.18023255813953487 0.23837209302325582 0.22674418604651161 0.3546511627906977
0.05813953488372093 0.0755813953488372 0.8488372093023255 0.01744186046511628
0.25 0.08139534883720931 0.18023255813953487 0.4883720930232558
0.20930232558139536 0.05813953488372093 0.6744186046511628 0.05813953488372093
0.12790697674418605 0.03488372093023256 0.7325581395348837 0.10465116279069768
0.005813953488372093 0.005813953488372093 0.9883720930232558 0.0
0.1686046511627907 0.13372093023255813 0.22093023255813954 0.47674418604651164
0.05813953488372093 0.2616279069767442 0.2441860465116279 0.436046511627907
0.06395348837209303 0.011627906976744186 0.9069767441860465 0.01744186046511628
MOTIF metacluster_2pattern_18
letter-probability matrix: alength= 4 w= 10 E= 0
0.3772455089820359 0.281437125748503 0.19161676646706588 0.1497005988023952
0.49101796407185627 0.19760479041916168 0.19161676646706588 0.11976047904191617
0.7485029940119761 0.08982035928143713 0.08383233532934131 0.07784431137724551
0.1377245508982036 0.029940119760479042 0.7125748502994012 0.11976047904191617
0.40718562874251496 0.31736526946107785 0.011976047904191617 0.2634730538922156
0.005988023952095809 0.0 0.9940119760479041 0.0
0.9101796407185628 0.07784431137724551 0.005988023952095809 0.005988023952095809
0.5149700598802395 0.2754491017964072 0.1497005988023952 0.059880239520958084
0.6946107784431138 0.05389221556886228 0.029940119760479042 0.2215568862275449
0.11976047904191617 0.0658682634730539 0.7604790419161677 0.05389221556886228
MOTIF metacluster_2pattern_19
letter-probability matrix: alength= 4 w= 10 E= 0
0.16981132075471697 0.12578616352201258 0.5911949685534591 0.11320754716981132
0.34591194968553457 0.18238993710691823 0.29559748427672955 0.1761006289308176
0.3270440251572327 0.0880503144654088 0.24528301886792453 0.33962264150943394
0.1320754716981132 0.03773584905660377 0.4716981132075472 0.3584905660377358
0.03773584905660377 0.031446540880503145 0.9245283018867925 0.006289308176100629
0.1069182389937107 0.05660377358490566 0.13836477987421383 0.6981132075471698
0.0 0.0 0.9874213836477987 0.012578616352201259
0.07547169811320754 0.09433962264150944 0.7232704402515723 0.1069182389937107
0.08176100628930817 0.22641509433962265 0.20125786163522014 0.49056603773584906
0.06918238993710692 0.012578616352201259 0.7672955974842768 0.1509433962264151
MOTIF metacluster_2pattern_20
letter-probability matrix: alength= 4 w= 10 E= 0
0.3963963963963964 0.17117117117117117 0.26126126126126126 0.17117117117117117
0.12612612612612611 0.2072072072072072 0.036036036036036036 0.6306306306306306
0.6216216216216216 0.04504504504504504 0.16216216216216217 0.17117117117117117
0.018018018018018018 0.02702702702702703 0.036036036036036036 0.918918918918919
0.6756756756756757 0.018018018018018018 0.09009009009009009 0.21621621621621623
0.02702702702702703 0.3963963963963964 0.009009009009009009 0.5675675675675675
0.8648648648648649 0.0 0.07207207207207207 0.06306306306306306
0.10810810810810811 0.1891891891891892 0.0 0.7027027027027027
0.6036036036036037 0.02702702702702703 0.08108108108108109 0.2882882882882883
0.10810810810810811 0.22522522522522523 0.0990990990990991 0.5675675675675675
MOTIF metacluster_2pattern_21
letter-probability matrix: alength= 4 w= 10 E= 0
0.2962962962962963 0.07407407407407407 0.25 0.37962962962962965
0.18518518518518517 0.046296296296296294 0.12962962962962962 0.6388888888888888
0.08333333333333333 0.018518518518518517 0.06481481481481481 0.8333333333333334
0.027777777777777776 0.046296296296296294 0.06481481481481481 0.8611111111111112
0.2222222222222222 0.018518518518518517 0.6481481481481481 0.1111111111111111
0.16666666666666666 0.5092592592592593 0.05555555555555555 0.26851851851851855
0.5648148148148148 0.027777777777777776 0.1574074074074074 0.25
0.25 0.07407407407407407 0.06481481481481481 0.6111111111111112
0.18518518518518517 0.08333333333333333 0.12037037037037036 0.6111111111111112
0.07407407407407407 0.1574074074074074 0.08333333333333333 0.6851851851851852
MOTIF metacluster_2pattern_22
letter-probability matrix: alength= 4 w= 10 E= 0
0.18604651162790697 0.36046511627906974 0.20930232558139536 0.2441860465116279
0.13953488372093023 0.19767441860465115 0.11627906976744186 0.5465116279069767
0.10465116279069768 0.023255813953488372 0.8372093023255814 0.03488372093023256
0.12790697674418605 0.03488372093023256 0.7558139534883721 0.08139534883720931
0.011627906976744186 0.8604651162790697 0.08139534883720931 0.046511627906976744
0.11627906976744186 0.023255813953488372 0.0 0.8604651162790697
0.011627906976744186 0.0 0.9883720930232558 0.0
0.29069767441860467 0.13953488372093023 0.38372093023255816 0.18604651162790697
0.09302325581395349 0.47674418604651164 0.18604651162790697 0.2441860465116279
0.10465116279069768 0.011627906976744186 0.4883720930232558 0.3953488372093023
MOTIF metacluster_2pattern_23
letter-probability matrix: alength= 4 w= 10 E= 0
0.359375 0.09375 0.171875 0.375
0.171875 0.046875 0.03125 0.75
0.109375 0.0 0.0 0.890625
0.359375 0.03125 0.03125 0.578125
0.046875 0.078125 0.078125 0.796875
0.0625 0.796875 0.03125 0.109375
0.015625 0.03125 0.921875 0.03125
0.375 0.25 0.046875 0.328125
0.109375 0.078125 0.296875 0.515625
0.296875 0.09375 0.1875 0.421875
MOTIF metacluster_2pattern_24
letter-probability matrix: alength= 4 w= 10 E= 0
0.4782608695652174 0.043478260869565216 0.3695652173913043 0.10869565217391304
0.30434782608695654 0.021739130434782608 0.17391304347826086 0.5
0.10869565217391304 0.021739130434782608 0.8695652173913043 0.0
0.1956521739130435 0.043478260869565216 0.2608695652173913 0.5
0.06521739130434782 0.0 0.8695652173913043 0.06521739130434782
0.0 0.9782608695652174 0.021739130434782608 0.0
0.2391304347826087 0.0 0.08695652173913043 0.6739130434782609
0.15217391304347827 0.0 0.8260869565217391 0.021739130434782608
0.391304347826087 0.06521739130434782 0.06521739130434782 0.4782608695652174
0.043478260869565216 0.0 0.8913043478260869 0.06521739130434782
MOTIF metacluster_3pattern_0
letter-probability matrix: alength= 4 w= 10 E= 0
0.31209850107066384 0.2671306209850107 0.15631691648822268 0.2644539614561028
0.35867237687366166 0.20931477516059957 0.16916488222698073 0.262847965738758
0.5032119914346895 0.10546038543897217 0.15203426124197003 0.2392933618843683
0.16220556745182013 0.11509635974304068 0.14882226980728053 0.5738758029978587
0.003747323340471092 0.9887580299785867 0.0021413276231263384 0.0053533190578158455
0.008029978586723769 0.0053533190578158455 0.9759100642398287 0.010706638115631691
0.7061027837259101 0.09421841541755889 0.14721627408993576 0.05246252676659529
0.11295503211991435 0.05513918629550321 0.058886509635974305 0.7730192719486081
0.5947537473233405 0.14346895074946467 0.04068522483940043 0.22109207708779444
0.3217344753747323 0.243576017130621 0.2007494646680942 0.23394004282655245
MOTIF metacluster_3pattern_1
letter-probability matrix: alength= 4 w= 10 E= 0
0.4621026894865526 0.19559902200489 0.15158924205378974 0.19070904645476772
0.21638141809290953 0.0647921760391198 0.28973105134474325 0.4290953545232274
0.004889975550122249 0.991442542787286 0.0 0.003667481662591687
0.014669926650366748 0.0024449877750611247 0.9633251833740831 0.019559902200488997
0.09657701711491443 0.8190709046454768 0.030562347188264057 0.05378973105134474
0.10757946210268948 0.12224938875305623 0.4559902200488998 0.3141809290953545
0.2885085574572127 0.17359413202933985 0.3801955990220049 0.15770171149144255
0.26405867970660146 0.34596577017114916 0.1393643031784841 0.2506112469437653
0.19926650366748166 0.16381418092909536 0.2506112469437653 0.3863080684596577
0.19437652811735942 0.33374083129584353 0.2200488997555012 0.25183374083129584
MOTIF metacluster_3pattern_2
letter-probability matrix: alength= 4 w= 10 E= 0
0.32985658409387225 0.2320730117340287 0.15514993481095177 0.28292046936114734
0.16558018252933507 0.5880052151238592 0.12385919165580182 0.12255541069100391
0.9009126466753585 0.02607561929595828 0.0469361147327249 0.02607561929595828
0.11473272490221642 0.08083441981747067 0.6623207301173403 0.1421121251629726
0.03259452411994785 0.9061277705345502 0.027379400260756193 0.03389830508474576
0.08083441981747067 0.0651890482398957 0.03911342894393742 0.8148631029986962
0.014341590612777053 0.0 0.9791395045632334 0.00651890482398957
0.21773142112125163 0.26597131681877445 0.10299869621903521 0.4132985658409387
0.10691003911342895 0.07301173402868318 0.09256844850065189 0.727509778357236
0.22685788787483702 0.196870925684485 0.1981747066492829 0.37809647979139505
MOTIF metacluster_3pattern_3
letter-probability matrix: alength= 4 w= 10 E= 0
0.3192771084337349 0.17319277108433734 0.1822289156626506 0.3253012048192771
0.2560240963855422 0.18373493975903615 0.10843373493975904 0.45180722891566266
0.07530120481927711 0.23493975903614459 0.060240963855421686 0.6295180722891566
0.0677710843373494 0.058734939759036146 0.07078313253012049 0.802710843373494
0.03162650602409638 0.0030120481927710845 0.9563253012048193 0.009036144578313253
0.03765060240963856 0.03765060240963856 0.03614457831325301 0.8885542168674698
0.04066265060240964 0.007530120481927711 0.01957831325301205 0.9322289156626506
0.16114457831325302 0.16114457831325302 0.0677710843373494 0.6099397590361446
0.19879518072289157 0.11144578313253012 0.09789156626506024 0.5918674698795181
0.15210843373493976 0.29066265060240964 0.19879518072289157 0.35843373493975905
MOTIF metacluster_3pattern_4
letter-probability matrix: alength= 4 w= 10 E= 0
0.08525345622119816 0.8179723502304147 0.0069124423963133645 0.08986175115207373
0.07834101382488479 0.01152073732718894 0.7880184331797235 0.12211981566820276
0.5645161290322581 0.10138248847926268 0.1382488479262673 0.195852534562212
0.5161290322580645 0.059907834101382486 0.08294930875576037 0.34101382488479265
0.08294930875576037 0.12672811059907835 0.08755760368663594 0.7027649769585254
0.0069124423963133645 0.9746543778801844 0.0 0.018433179723502304
0.020737327188940093 0.0 0.9585253456221198 0.020737327188940093
0.619815668202765 0.1912442396313364 0.1313364055299539 0.0576036866359447
0.25806451612903225 0.08755760368663594 0.12672811059907835 0.5276497695852534
0.32027649769585254 0.2534562211981567 0.11059907834101383 0.315668202764977
MOTIF metacluster_3pattern_5
letter-probability matrix: alength= 4 w= 10 E= 0
0.24853801169590642 0.391812865497076 0.2222222222222222 0.13742690058479531
0.19005847953216373 0.12573099415204678 0.2777777777777778 0.4064327485380117
0.029239766081871343 0.9122807017543859 0.005847953216374269 0.05263157894736842
0.03216374269005848 0.0029239766081871343 0.9532163742690059 0.011695906432748537
0.10818713450292397 0.7485380116959064 0.07017543859649122 0.07309941520467836
0.16374269005847952 0.011695906432748537 0.049707602339181284 0.7748538011695907
0.02631578947368421 0.8771929824561403 0.023391812865497075 0.07309941520467836
0.1608187134502924 0.03508771929824561 0.2573099415204678 0.5467836257309941
0.1783625730994152 0.30701754385964913 0.21052631578947367 0.30409356725146197
0.21052631578947367 0.2719298245614035 0.18421052631578946 0.3333333333333333
MOTIF metacluster_3pattern_6
letter-probability matrix: alength= 4 w= 10 E= 0
0.2815533980582524 0.3656957928802589 0.0744336569579288 0.2783171521035599
0.4336569579288026 0.11974110032362459 0.2750809061488673 0.1715210355987055
0.003236245954692557 0.006472491909385114 0.970873786407767 0.019417475728155338
0.016181229773462782 0.009708737864077669 0.006472491909385114 0.9676375404530745
0.22006472491909385 0.003236245954692557 0.7702265372168284 0.006472491909385114
0.0970873786407767 0.032362459546925564 0.05501618122977346 0.8155339805825242
0.07766990291262135 0.003236245954692557 0.12297734627831715 0.7961165048543689
0.19093851132686085 0.17475728155339806 0.11650485436893204 0.517799352750809
0.13915857605177995 0.3268608414239482 0.18122977346278318 0.35275080906148865
0.21035598705501618 0.2588996763754045 0.21359223300970873 0.31715210355987056
MOTIF metacluster_3pattern_7
letter-probability matrix: alength= 4 w= 10 E= 0
0.23076923076923078 0.2867132867132867 0.06293706293706294 0.4195804195804196
0.024475524475524476 0.0034965034965034965 0.9370629370629371 0.03496503496503497
0.11888111888111888 0.045454545454545456 0.10839160839160839 0.7272727272727273
0.055944055944055944 0.01048951048951049 0.017482517482517484 0.916083916083916
0.0979020979020979 0.027972027972027972 0.8531468531468531 0.02097902097902098
0.02097902097902098 0.027972027972027972 0.013986013986013986 0.9370629370629371
0.04895104895104895 0.0034965034965034965 0.027972027972027972 0.9195804195804196
0.13286713286713286 0.11188811188811189 0.19230769230769232 0.5629370629370629
0.15734265734265734 0.14685314685314685 0.08041958041958042 0.6153846153846154
0.1048951048951049 0.32167832167832167 0.16083916083916083 0.4125874125874126
MOTIF metacluster_3pattern_8
letter-probability matrix: alength= 4 w= 10 E= 0
0.3882783882783883 0.3516483516483517 0.12454212454212454 0.13553113553113552
0.36996336996337 0.13553113553113552 0.3516483516483517 0.14285714285714285
0.14285714285714285 0.6153846153846154 0.10256410256410256 0.1391941391941392
0.42857142857142855 0.01098901098901099 0.27106227106227104 0.2893772893772894
0.014652014652014652 0.9706959706959707 0.007326007326007326 0.007326007326007326
0.05128205128205128 0.047619047619047616 0.054945054945054944 0.8461538461538461
0.014652014652014652 0.0 0.9743589743589743 0.01098901098901099
0.13553113553113552 0.23443223443223443 0.2564102564102564 0.37362637362637363
0.04395604395604396 0.02197802197802198 0.02197802197802198 0.9120879120879121
0.21611721611721613 0.2783882783882784 0.14285714285714285 0.3626373626373626
MOTIF metacluster_3pattern_9
letter-probability matrix: alength= 4 w= 10 E= 0
0.4585152838427948 0.1572052401746725 0.23580786026200873 0.14847161572052403
0.22707423580786026 0.0611353711790393 0.37117903930131 0.3406113537117904
0.03056768558951965 0.925764192139738 0.0 0.043668122270742356
0.017467248908296942 0.008733624454148471 0.9563318777292577 0.017467248908296942
0.25327510917030566 0.6244541484716157 0.034934497816593885 0.08733624454148471
0.17903930131004367 0.14847161572052403 0.13537117903930132 0.537117903930131
0.22707423580786026 0.2052401746724891 0.3930131004366812 0.17467248908296942
0.15283842794759825 0.1615720524017467 0.27074235807860264 0.4148471615720524
0.013100436681222707 0.9606986899563319 0.004366812227074236 0.021834061135371178
0.1091703056768559 0.03056768558951965 0.6899563318777293 0.1703056768558952
MOTIF metacluster_3pattern_10
letter-probability matrix: alength= 4 w= 10 E= 0
0.48514851485148514 0.19306930693069307 0.15841584158415842 0.16336633663366337
0.31683168316831684 0.2376237623762376 0.13366336633663367 0.3118811881188119
0.7425742574257426 0.04950495049504951 0.0891089108910891 0.1188118811881188
0.09405940594059406 0.13366336633663367 0.0891089108910891 0.6831683168316832
0.01485148514851485 0.0049504950495049506 0.9653465346534653 0.01485148514851485
0.0297029702970297 0.0 0.009900990099009901 0.9603960396039604
0.5594059405940595 0.0 0.06435643564356436 0.37623762376237624
0.11386138613861387 0.19801980198019803 0.039603960396039604 0.6485148514851485
0.20297029702970298 0.0594059405940594 0.1485148514851485 0.5891089108910891
0.22772277227722773 0.13861386138613863 0.1485148514851485 0.48514851485148514
MOTIF metacluster_3pattern_11
letter-probability matrix: alength= 4 w= 10 E= 0
0.14130434782608695 0.5163043478260869 0.13043478260869565 0.21195652173913043
0.11956521739130435 0.005434782608695652 0.22282608695652173 0.6521739130434783
0.010869565217391304 0.967391304347826 0.005434782608695652 0.016304347826086956
0.22282608695652173 0.005434782608695652 0.03804347826086957 0.7336956521739131
0.010869565217391304 0.9836956521739131 0.005434782608695652 0.0
0.1358695652173913 0.02717391304347826 0.13043478260869565 0.7065217391304348
0.14673913043478262 0.483695652173913 0.18478260869565216 0.18478260869565216
0.09782608695652174 0.2826086956521739 0.29347826086956524 0.32608695652173914
0.14673913043478262 0.3641304347826087 0.2608695652173913 0.22826086956521738
0.20108695652173914 0.22282608695652173 0.266304347826087 0.30978260869565216
MOTIF metacluster_3pattern_12
letter-probability matrix: alength= 4 w= 10 E= 0
0.5167785234899329 0.11409395973154363 0.24161073825503357 0.12751677852348994
0.026845637583892617 0.8120805369127517 0.040268456375838924 0.12080536912751678
0.09395973154362416 0.3422818791946309 0.08053691275167785 0.48322147651006714
0.0 0.0 0.9731543624161074 0.026845637583892617
0.053691275167785234 0.8523489932885906 0.040268456375838924 0.053691275167785234
0.053691275167785234 0.006711409395973154 0.006711409395973154 0.9328859060402684
0.053691275167785234 0.013422818791946308 0.8859060402684564 0.04697986577181208
0.14093959731543623 0.087248322147651 0.12080536912751678 0.6510067114093959
0.06711409395973154 0.006711409395973154 0.06040268456375839 0.8657718120805369
0.16778523489932887 0.2684563758389262 0.1342281879194631 0.42953020134228187
MOTIF metacluster_3pattern_13
letter-probability matrix: alength= 4 w= 10 E= 0
0.3359375 0.2578125 0.2578125 0.1484375
0.2421875 0.0625 0.3046875 0.390625
0.0078125 0.9921875 0.0 0.0
0.0078125 0.0 0.984375 0.0078125
0.0234375 0.8671875 0.0390625 0.0703125
0.0546875 0.890625 0.0234375 0.03125
0.703125 0.1875 0.0390625 0.0703125
0.1875 0.0703125 0.4296875 0.3125
0.1171875 0.5078125 0.0859375 0.2890625
0.1796875 0.2109375 0.3203125 0.2890625
MOTIF metacluster_3pattern_14
letter-probability matrix: alength= 4 w= 10 E= 0
0.42528735632183906 0.14942528735632185 0.14942528735632185 0.27586206896551724
0.2988505747126437 0.1839080459770115 0.1839080459770115 0.3333333333333333
0.3218390804597701 0.11494252873563218 0.2413793103448276 0.3218390804597701
0.21839080459770116 0.06896551724137931 0.05747126436781609 0.6551724137931034
0.45977011494252873 0.022988505747126436 0.4367816091954023 0.08045977011494253
0.06896551724137931 0.05747126436781609 0.011494252873563218 0.8620689655172413
0.08045977011494253 0.0 0.011494252873563218 0.9080459770114943
0.27586206896551724 0.022988505747126436 0.0 0.7011494252873564
0.42528735632183906 0.08045977011494253 0.0 0.4942528735632184
0.45977011494252873 0.11494252873563218 0.06896551724137931 0.3563218390804598
MOTIF metacluster_3pattern_15
letter-probability matrix: alength= 4 w= 10 E= 0
0.25 0.2875 0.2125 0.25
0.075 0.6625 0.225 0.0375
0.7125 0.0375 0.075 0.175
0.0875 0.0 0.875 0.0375
0.0625 0.925 0.0125 0.0
0.025 0.0125 0.0 0.9625
0.175 0.325 0.025 0.475
0.2 0.0375 0.05 0.7125
0.15 0.1375 0.225 0.4875
0.225 0.2875 0.1625 0.325
MOTIF metacluster_3pattern_16
letter-probability matrix: alength= 4 w= 10 E= 0
0.27450980392156865 0.19607843137254902 0.3137254901960784 0.21568627450980393
0.27450980392156865 0.0392156862745098 0.5098039215686274 0.17647058823529413
0.7647058823529411 0.0196078431372549 0.1568627450980392 0.058823529411764705
0.803921568627451 0.0196078431372549 0.11764705882352941 0.058823529411764705
0.0784313725490196 0.1568627450980392 0.0196078431372549 0.7450980392156863
0.0 0.9803921568627451 0.0196078431372549 0.0
0.0196078431372549 0.0 0.9411764705882353 0.0392156862745098
0.803921568627451 0.0 0.0784313725490196 0.11764705882352941
0.13725490196078433 0.0 0.8431372549019608 0.0196078431372549
0.8235294117647058 0.058823529411764705 0.0 0.11764705882352941
MOTIF metacluster_3pattern_17
letter-probability matrix: alength= 4 w= 10 E= 0
0.35714285714285715 0.21428571428571427 0.16666666666666666 0.2619047619047619
0.19047619047619047 0.6190476190476191 0.14285714285714285 0.047619047619047616
0.2857142857142857 0.2619047619047619 0.023809523809523808 0.42857142857142855
0.21428571428571427 0.38095238095238093 0.35714285714285715 0.047619047619047616
0.11904761904761904 0.6666666666666666 0.16666666666666666 0.047619047619047616
0.38095238095238093 0.047619047619047616 0.14285714285714285 0.42857142857142855
0.0 0.047619047619047616 0.9285714285714286 0.023809523809523808
0.2619047619047619 0.09523809523809523 0.5476190476190477 0.09523809523809523
0.40476190476190477 0.0 0.0 0.5952380952380952
0.047619047619047616 0.5952380952380952 0.21428571428571427 0.14285714285714285
MOTIF metacluster_3pattern_18
letter-probability matrix: alength= 4 w= 10 E= 0
0.36666666666666664 0.03333333333333333 0.06666666666666667 0.5333333333333333
0.13333333333333333 0.3 0.1 0.4666666666666667
0.0 1.0 0.0 0.0
0.06666666666666667 0.16666666666666666 0.3 0.4666666666666667
0.1 0.6 0.16666666666666666 0.13333333333333333
0.0 0.3333333333333333 0.6 0.06666666666666667
0.3333333333333333 0.0 0.4666666666666667 0.2
0.2 0.2 0.4 0.2
0.13333333333333333 0.3 0.36666666666666664 0.2
0.36666666666666664 0.03333333333333333 0.3333333333333333 0.26666666666666666
MOTIF metacluster_4pattern_0
letter-probability matrix: alength= 4 w= 10 E= 0
0.5653436592449177 0.10164569215876089 0.15392061955469508 0.17909002904162633
0.9109390125847048 0.012584704743465635 0.04743465634075508 0.02904162633107454
0.5963213939980639 0.12100677637947725 0.12681510164569215 0.1558567279767667
0.011616650532429816 0.012584704743465635 0.001936108422071636 0.9738625363020329
0.013552758954501452 0.06292352371732816 0.000968054211035818 0.9225556631171346
0.37850919651500486 0.14714424007744434 0.2671829622458858 0.20716360116166505
0.4675701839303001 0.11713455953533398 0.2245885769603098 0.19070667957405615
0.30977734753146174 0.13649564375605033 0.20619554695062922 0.3475314617618587
0.3213939980638916 0.16360116166505323 0.23426911907066797 0.2807357212003872
0.32623426911907066 0.18005808325266215 0.20619554695062922 0.28751210067763794
MOTIF metacluster_4pattern_1
letter-probability matrix: alength= 4 w= 10 E= 0
0.1958762886597938 0.30927835051546393 0.27393225331369664 0.22091310751104565
0.20176730486008837 0.32989690721649484 0.3387334315169367 0.12960235640648013
0.39764359351988215 0.10014727540500737 0.3004418262150221 0.20176730486008837
0.5596465390279823 0.0898379970544919 0.18556701030927836 0.16494845360824742
0.17083946980854198 0.5419734904270986 0.19734904270986744 0.0898379970544919
0.014727540500736377 0.0014727540500736377 0.0029455081001472753 0.9808541973490427
0.010309278350515464 0.9720176730486009 0.0029455081001472753 0.014727540500736377
0.004418262150220913 0.96759941089838 0.011782032400589101 0.016200294550810016
0.3402061855670103 0.05743740795287187 0.21354933726067746 0.38880706921944036
0.20176730486008837 0.15316642120765833 0.40942562592047127 0.23564064801178203
MOTIF metacluster_4pattern_2
letter-probability matrix: alength= 4 w= 10 E= 0
0.20833333333333334 0.3107638888888889 0.1684027777777778 0.3125
0.16666666666666666 0.3125 0.3125 0.20833333333333334
0.3159722222222222 0.25 0.078125 0.3559027777777778
0.265625 0.19444444444444445 0.3871527777777778 0.1527777777777778
0.013888888888888888 0.008680555555555556 0.9722222222222222 0.005208333333333333
0.9913194444444444 0.0 0.005208333333333333 0.003472222222222222
0.027777777777777776 0.026041666666666668 0.027777777777777776 0.9184027777777778
0.027777777777777776 0.8784722222222222 0.03993055555555555 0.05381944444444445
0.328125 0.21875 0.16145833333333334 0.2916666666666667
0.1527777777777778 0.3472222222222222 0.3159722222222222 0.1840277777777778
MOTIF metacluster_4pattern_3
letter-probability matrix: alength= 4 w= 10 E= 0
0.20353982300884957 0.34513274336283184 0.3008849557522124 0.1504424778761062
0.3274336283185841 0.02654867256637168 0.336283185840708 0.30973451327433627
0.4424778761061947 0.061946902654867256 0.09734513274336283 0.39823008849557523
0.0 0.9557522123893806 0.02654867256637168 0.017699115044247787
0.0 0.0 0.0 1.0
0.061946902654867256 0.12389380530973451 0.0 0.8141592920353983
0.0 1.0 0.0 0.0
0.26548672566371684 0.035398230088495575 0.21238938053097345 0.48672566371681414
0.26548672566371684 0.07079646017699115 0.35398230088495575 0.30973451327433627
0.168141592920354 0.2831858407079646 0.4336283185840708 0.11504424778761062
MOTIF metacluster_5pattern_0
letter-probability matrix: alength= 4 w= 10 E= 0
0.24267468069120962 0.26897069872276486 0.32982719759579265 0.1585274229902329
0.3080390683696469 0.318557475582269 0.2930127723516153 0.08039068369646882
0.4740796393688956 0.35612321562734783 0.1277235161532682 0.042073628850488355
0.9383921863260706 0.009767092411720512 0.019534184823441023 0.032306536438767845
0.008264462809917356 0.004507888805409466 0.9549211119459053 0.032306536438767845
0.0015026296018031556 0.010518407212622089 0.9872276483846731 0.0007513148009015778
0.9346356123215628 0.021788129226145755 0.03155522163786627 0.012021036814425245
0.07738542449286251 0.47107438016528924 0.09691960931630353 0.3546205860255447
0.425244177310293 0.15326821938392185 0.3418482344102179 0.07963936889556725
0.3012772351615327 0.3275732531930879 0.1247182569496619 0.2464312546957175
MOTIF metacluster_5pattern_1
letter-probability matrix: alength= 4 w= 10 E= 0
0.21052631578947367 0.42105263157894735 0.14285714285714285 0.22556390977443608
0.2706766917293233 0.37593984962406013 0.24812030075187969 0.10526315789473684
0.5939849624060151 0.12030075187969924 0.18045112781954886 0.10526315789473684
0.2556390977443609 0.09774436090225563 0.18796992481203006 0.45864661654135336
0.007518796992481203 0.007518796992481203 0.9849624060150376 0.0
0.0 0.015037593984962405 0.9849624060150376 0.0
0.39849624060150374 0.5112781954887218 0.07518796992481203 0.015037593984962405
0.03007518796992481 0.9624060150375939 0.0 0.007518796992481203
0.8646616541353384 0.03759398496240601 0.05263157894736842 0.045112781954887216
0.21052631578947367 0.23308270676691728 0.09774436090225563 0.45864661654135336
MOTIF metacluster_5pattern_2
letter-probability matrix: alength= 4 w= 10 E= 0
0.1568627450980392 0.11764705882352941 0.3235294117647059 0.4019607843137255
0.17647058823529413 0.46078431372549017 0.1568627450980392 0.20588235294117646
0.43137254901960786 0.20588235294117646 0.21568627450980393 0.14705882352941177
0.6078431372549019 0.14705882352941177 0.09803921568627451 0.14705882352941177
0.058823529411764705 0.0196078431372549 0.18627450980392157 0.7352941176470589
0.0 0.0 1.0 0.0
0.4803921568627451 0.27450980392156865 0.19607843137254902 0.049019607843137254
0.0 1.0 0.0 0.0
0.9705882352941176 0.00980392156862745 0.0 0.0196078431372549
0.24509803921568626 0.24509803921568626 0.1568627450980392 0.35294117647058826
MOTIF metacluster_5pattern_3
letter-probability matrix: alength= 4 w= 10 E= 0
0.41 0.12 0.3 0.17
0.45 0.25 0.14 0.16
0.66 0.16 0.07 0.11
0.57 0.12 0.07 0.24
0.73 0.03 0.0 0.24
0.98 0.02 0.0 0.0
0.97 0.0 0.01 0.02
0.66 0.01 0.0 0.33
0.59 0.03 0.06 0.32
0.67 0.01 0.17 0.15
MOTIF metacluster_5pattern_4
letter-probability matrix: alength= 4 w= 10 E= 0
0.09523809523809523 0.011904761904761904 0.7380952380952381 0.15476190476190477
0.011904761904761904 0.03571428571428571 0.9404761904761905 0.011904761904761904
0.5357142857142857 0.13095238095238096 0.23809523809523808 0.09523809523809523
0.15476190476190477 0.6309523809523809 0.08333333333333333 0.13095238095238096
0.5714285714285714 0.11904761904761904 0.23809523809523808 0.07142857142857142
0.9642857142857143 0.0 0.023809523809523808 0.011904761904761904
0.8928571428571429 0.023809523809523808 0.03571428571428571 0.047619047619047616
0.023809523809523808 0.0 0.9523809523809523 0.023809523809523808
0.0 0.011904761904761904 0.9880952380952381 0.0
0.6071428571428571 0.13095238095238096 0.20238095238095238 0.05952380952380952
MOTIF metacluster_5pattern_5
letter-probability matrix: alength= 4 w= 10 E= 0
0.17647058823529413 0.27941176470588236 0.4852941176470588 0.058823529411764705
0.04411764705882353 0.8529411764705882 0.10294117647058823 0.0
0.7794117647058824 0.1323529411764706 0.014705882352941176 0.07352941176470588
0.23529411764705882 0.10294117647058823 0.04411764705882353 0.6176470588235294
0.7205882352941176 0.11764705882352941 0.10294117647058823 0.058823529411764705
0.9264705882352942 0.029411764705882353 0.029411764705882353 0.014705882352941176
0.8235294117647058 0.0 0.014705882352941176 0.16176470588235295
0.04411764705882353 0.0 0.6323529411764706 0.3235294117647059
0.029411764705882353 0.0 0.8676470588235294 0.10294117647058823
0.35294117647058826 0.16176470588235295 0.3088235294117647 0.17647058823529413
MOTIF metacluster_5pattern_6
letter-probability matrix: alength= 4 w= 10 E= 0
0.5901639344262295 0.18032786885245902 0.14754098360655737 0.08196721311475409
0.7213114754098361 0.16393442622950818 0.03278688524590164 0.08196721311475409
0.8360655737704918 0.04918032786885246 0.06557377049180328 0.04918032786885246
0.8688524590163934 0.04918032786885246 0.08196721311475409 0.0
0.9016393442622951 0.0 0.09836065573770492 0.0
0.9016393442622951 0.0 0.04918032786885246 0.04918032786885246
0.9016393442622951 0.0 0.0 0.09836065573770492
0.09836065573770492 0.0 0.7868852459016393 0.11475409836065574
0.0 0.01639344262295082 0.9836065573770492 0.0
0.5081967213114754 0.09836065573770492 0.36065573770491804 0.03278688524590164
MOTIF metacluster_5pattern_7
letter-probability matrix: alength= 4 w= 10 E= 0
0.10714285714285714 0.017857142857142856 0.7321428571428571 0.14285714285714285
0.19642857142857142 0.23214285714285715 0.35714285714285715 0.21428571428571427
0.14285714285714285 0.7857142857142857 0.03571428571428571 0.03571428571428571
0.8928571428571429 0.03571428571428571 0.017857142857142856 0.05357142857142857
0.5535714285714286 0.07142857142857142 0.07142857142857142 0.30357142857142855
0.7857142857142857 0.07142857142857142 0.03571428571428571 0.10714285714285714
0.9107142857142857 0.0 0.017857142857142856 0.07142857142857142
0.05357142857142857 0.017857142857142856 0.5535714285714286 0.375
0.0 0.0 1.0 0.0
0.5535714285714286 0.16071428571428573 0.23214285714285715 0.05357142857142857
